    prob  log10(PO)   qval  alpha  fst
1  0.00860172 -2.06166 0.955734 0.00083231 0.025848 
2  0.011402 -1.9380 0.89499 -0.0061968 0.025701 
3  0.0080016 -2.0933 0.96139 -0.0010056 0.025798 
4  0.0090018 -2.0417 0.95237 -0.0030669 0.025777 
5  0.010002 -1.9955 0.93541 0.0035712 0.025988 
6  0.0088018 -2.0516 0.95427 0.0041773 0.025947 
7  0.011602 -1.9304 0.88485 -0.0089069 0.025652 
8  0.014603 -1.8292 0.72313 0.010308 0.026237 
9  0.0060012 -2.2191 0.96860 0.00061946 0.025832 
10  0.013803 -1.8540 0.77944 -0.011331 0.025626 
11  0.026205 -1.5701 0.50119 0.026785 0.026988 
12  0.0066013 -2.1775 0.96778 -0.0035752 0.025741 
13  0.0078016 -2.1044 0.96250 -0.00017459 0.025806 
14  0.0066013 -2.1775 0.96778 -0.0013052 0.025783 
15  0.012202 -1.9082 0.85627 -0.0071578 0.025685 
16  0.013003 -1.8803 0.81602 -0.0095391 0.025657 
17  0.0060012 -2.2191 0.96860 0.00083586 0.025821 
18  0.010602 -1.9700 0.92031 -0.0036099 0.025788 
19  0.011402 -1.9380 0.89499 0.0047576 0.025997 
20  0.0082016 -2.0825 0.95989 -0.0019896 0.025764 
21  0.011202 -1.9458 0.90281 -0.0058155 0.025708 
22  0.012603 -1.8940 0.83798 -0.0079874 0.025694 
23  0.0092018 -2.0321 0.94945 0.00083001 0.025870 
24  0.010002 -1.9955 0.93541 -0.0058815 0.025718 
25  0.011802 -1.9229 0.87669 -0.0096504 0.025647 
26  0.0074015 -2.1275 0.96463 -0.0015981 0.025805 
27  0.0086017 -2.0617 0.95573 0.0020382 0.025897 
28  0.014803 -1.8232 0.71433 -0.011933 0.025632 
29  0.0082016 -2.0825 0.95989 -0.0048930 0.025716 
30  0.0076015 -2.1158 0.96358 -0.0023356 0.025750 
31  0.011802 -1.9229 0.87669 -0.0033426 0.025763 
32  0.010802 -1.9618 0.91553 -0.0051434 0.025729 
33  0.0062012 -2.2048 0.96838 -0.0030816 0.025737 
34  0.0086017 -2.0617 0.95573 -0.0045469 0.025718 
35  0.012002 -1.9155 0.86891 -0.0080276 0.025676 
36  0.012603 -1.8940 0.83798 0.0061371 0.026050 
37  0.010402 -1.9783 0.92503 -0.0063707 0.025712 
38  0.032406 -1.4751 0.42921 0.032612 0.027223 
39  0.010202 -1.9869 0.93087 -0.0069577 0.025681 
40  0.030206 -1.5066 0.43662 0.034028 0.027366 
41  0.011002 -1.9537 0.90989 -0.0071272 0.025706 
42  0.010202 -1.9869 0.93087 -0.0030825 0.025769 
43  0.0094019 -2.0227 0.94621 -0.0040407 0.025735 
44  0.0080016 -2.0933 0.96139 -0.0066402 0.025707 
45  0.0096019 -2.0135 0.94308 0.0037123 0.025975 
46  0.010802 -1.9618 0.91553 -0.0075963 0.025681 
47  0.0076015 -2.1158 0.96358 0.0046544 0.025987 
48  0.0066013 -2.1775 0.96778 -0.0016980 0.025759 
49  0.0090018 -2.0417 0.95237 -0.0027820 0.025772 
50  0.0086017 -2.0617 0.95573 -0.0038785 0.025754 
51  0.012402 -1.9011 0.84626 -0.0054311 0.025754 
52  0.0080016 -2.0933 0.96139 -0.0048550 0.025709 
53  0.013003 -1.8803 0.81602 0.0074158 0.026142 
54  0.010002 -1.9955 0.93541 -0.0066002 0.025707 
55  0.0084017 -2.0720 0.95805 0.0020530 0.025885 
56  0.0080016 -2.0933 0.96139 -0.0025227 0.025768 
57  0.011802 -1.9229 0.87669 -0.0086518 0.025680 
58  0.010602 -1.9700 0.92031 -0.0082336 0.025684 
59  0.0080016 -2.0933 0.96139 -0.0011927 0.025792 
60  0.014203 -1.8414 0.75196 -0.013996 0.025592 
61  0.013003 -1.8803 0.81602 -0.0092640 0.025673 
62  0.0074015 -2.1275 0.96463 0.0017020 0.025870 
63  0.011202 -1.9458 0.90281 -0.0069724 0.025697 
64  0.0082016 -2.0825 0.95989 -0.0041480 0.025734 
65  0.99900 2.9995 0.00014003 2.0941 0.15967 
66  0.0078016 -2.1044 0.96250 -0.0043483 0.025736 
67  0.0078016 -2.1044 0.96250 -0.0029164 0.025760 
68  0.011602 -1.9304 0.88485 -0.011192 0.025631 
69  0.0096019 -2.0135 0.94308 -0.0068693 0.025695 
70  0.010002 -1.9955 0.93541 -0.0027649 0.025751 
71  0.0074015 -2.1275 0.96463 -0.00040509 0.025797 
72  0.0060012 -2.2191 0.96860 2.8915e-05 0.025809 
73  0.013003 -1.8803 0.81602 -0.011111 0.025658 
74  0.011202 -1.9458 0.90281 -0.0072823 0.025716 
75  0.011002 -1.9537 0.90989 -0.0027343 0.025785 
76  0.0076015 -2.1158 0.96358 -0.00061227 0.025810 
77  0.013003 -1.8803 0.81602 -0.0078614 0.025697 
78  0.0050010 -2.2988 0.96923 -0.0026933 0.025745 
79  0.011002 -1.9537 0.90989 -0.0089458 0.025657 
80  0.0074015 -2.1275 0.96463 0.00073214 0.025835 
81  0.0092018 -2.0321 0.94945 0.0021710 0.025915 
82  0.0080016 -2.0933 0.96139 -0.0035301 0.025738 
83  0.013403 -1.8669 0.79506 -0.0096634 0.025655 
84  0.0092018 -2.0321 0.94945 -0.0016169 0.025797 
85  0.013603 -1.8604 0.78657 -0.010560 0.025658 
86  0.010202 -1.9869 0.93087 -0.0060941 0.025711 
87  0.0084017 -2.0720 0.95805 0.0039450 0.025938 
88  0.0072014 -2.1394 0.96578 0.00019917 0.025834 
89  0.0072014 -2.1394 0.96578 -0.0010132 0.025800 
90  0.0092018 -2.0321 0.94945 -0.0051039 0.025711 
91  0.0076015 -2.1158 0.96358 -0.0030526 0.025736 
92  0.0088018 -2.0516 0.95427 -0.0067817 0.025697 
93  0.0094019 -2.0227 0.94621 -0.0045517 0.025741 
94  0.0074015 -2.1275 0.96463 -0.0013973 0.025778 
95  0.0090018 -2.0417 0.95237 -0.0053954 0.025713 
96  0.0086017 -2.0617 0.95573 -0.0039563 0.025748 
97  0.0094019 -2.0227 0.94621 -0.0026185 0.025779 
98  0.0094019 -2.0227 0.94621 0.0062865 0.026027 
99  0.0082016 -2.0825 0.95989 0.0011401 0.025847 
100  0.010202 -1.9869 0.93087 -0.0062498 0.025702 
101  0.0070014 -2.1518 0.96653 -1.4575e-05 0.025805 
102  0.0070014 -2.1518 0.96653 -0.0021503 0.025771 
103  0.0082016 -2.0825 0.95989 -0.0027443 0.025748 
104  0.0098020 -2.0044 0.93937 -0.0053531 0.025721 
105  0.011402 -1.9380 0.89499 -0.0032327 0.025777 
106  0.0072014 -2.1394 0.96578 0.00061243 0.025844 
107  0.0060012 -2.2191 0.96860 -0.00096084 0.025775 
108  0.0062012 -2.2048 0.96838 0.0023863 0.025881 
109  0.0098020 -2.0044 0.93937 -0.0043505 0.025732 
110  0.0096019 -2.0135 0.94308 -0.0067668 0.025690 
111  0.011202 -1.9458 0.90281 0.0083066 0.026169 
112  0.0090018 -2.0417 0.95237 -0.0014459 0.025790 
113  0.020604 -1.6770 0.56133 0.018788 0.026582 
114  0.010202 -1.9869 0.93087 -0.0029049 0.025775 
115  0.011602 -1.9304 0.88485 -0.0078039 0.025661 
116  0.0092018 -2.0321 0.94945 -0.0073393 0.025677 
117  0.010602 -1.9700 0.92031 0.0013202 0.025905 
118  0.013003 -1.8803 0.81602 -0.0089245 0.025680 
119  0.0088018 -2.0516 0.95427 0.0058029 0.026015 
120  0.010802 -1.9618 0.91553 -0.00087597 0.025829 
121  0.0086017 -2.0617 0.95573 -0.0041422 0.025729 
122  0.010402 -1.9783 0.92503 -0.0061485 0.025706 
123  0.0092018 -2.0321 0.94945 -0.0025379 0.025778 
124  0.010802 -1.9618 0.91553 -0.0072171 0.025681 
125  0.012202 -1.9082 0.85627 -0.0076977 0.025700 
126  0.0066013 -2.1775 0.96778 0.00030773 0.025834 
127  0.0084017 -2.0720 0.95805 -0.0036680 0.025744 
128  0.0084017 -2.0720 0.95805 0.0046120 0.025959 
129  0.012402 -1.9011 0.84626 -0.0073542 0.025713 
130  0.010202 -1.9869 0.93087 -0.0051194 0.025737 
131  0.011002 -1.9537 0.90989 0.0048993 0.026035 
132  0.0076015 -2.1158 0.96358 -0.0023660 0.025763 
133  0.0092018 -2.0321 0.94945 -0.0032372 0.025754 
134  0.011202 -1.9458 0.90281 -0.0072402 0.025716 
135  1.0000 1000.0 0.0000 2.1644 0.16664 
136  0.018604 -1.7222 0.60126 0.015371 0.026433 
137  0.014403 -1.8353 0.74210 0.011259 0.026255 
138  0.0090018 -2.0417 0.95237 -0.0044873 0.025713 
139  0.0084017 -2.0720 0.95805 -0.0020240 0.025780 
140  0.014003 -1.8477 0.76714 0.012329 0.026384 
141  0.0072014 -2.1394 0.96578 0.00070617 0.025831 
142  0.0076015 -2.1158 0.96358 0.0057100 0.026017 
143  0.0076015 -2.1158 0.96358 0.00090633 0.025844 
144  0.0070014 -2.1518 0.96653 0.00045442 0.025824 
145  0.0082016 -2.0825 0.95989 0.0037434 0.025938 
146  0.0070014 -2.1518 0.96653 -0.0014362 0.025775 
147  0.0094019 -2.0227 0.94621 -0.0043947 0.025733 
148  0.0080016 -2.0933 0.96139 -0.0013076 0.025826 
149  0.0082016 -2.0825 0.95989 -0.00051094 0.025781 
150  0.0078016 -2.1044 0.96250 -0.0034780 0.025752 
151  0.010202 -1.9869 0.93087 -0.0044337 0.025750 
152  0.0094019 -2.0227 0.94621 -0.0062712 0.025714 
153  0.0090018 -2.0417 0.95237 0.0036127 0.025922 
154  0.022004 -1.6478 0.54298 0.023512 0.026994 
155  0.0078016 -2.1044 0.96250 -0.0058277 0.025705 
156  0.013603 -1.8604 0.78657 -0.0092133 0.025705 
157  0.013403 -1.8669 0.79506 -0.010594 0.025664 
158  0.0070014 -2.1518 0.96653 8.4741e-05 0.025834 
159  0.012402 -1.9011 0.84626 0.010251 0.026219 
160  0.010402 -1.9783 0.92503 -0.0039088 0.025766 
161  0.0092018 -2.0321 0.94945 -0.0046786 0.025722 
162  0.0080016 -2.0933 0.96139 -0.00092492 0.025791 
163  0.022605 -1.6359 0.53814 0.021939 0.026795 
164  0.0058012 -2.2340 0.96879 0.00047231 0.025812 
165  0.0094019 -2.0227 0.94621 -0.0073627 0.025698 
166  0.010002 -1.9955 0.93541 0.0081872 0.026122 
167  0.0084017 -2.0720 0.95805 -0.0034898 0.025733 
168  0.0096019 -2.0135 0.94308 -0.0066922 0.025682 
169  0.015003 -1.8173 0.69691 -0.0094757 0.025655 
170  0.0064013 -2.1909 0.96808 -0.00087400 0.025801 
171  0.0054011 -2.2652 0.96906 5.9854e-05 0.025815 
172  0.0080016 -2.0933 0.96139 0.0027874 0.025890 
173  0.0078016 -2.1044 0.96250 -0.0029492 0.025753 
174  0.012803 -1.8871 0.82868 0.0078967 0.026093 
175  0.0090018 -2.0417 0.95237 0.0020818 0.025902 
176  0.023605 -1.6166 0.52301 0.023808 0.026873 
177  0.020004 -1.6901 0.56996 0.021677 0.026844 
178  0.0076015 -2.1158 0.96358 -0.0015264 0.025797 
179  0.010402 -1.9783 0.92503 -0.0058890 0.025725 
180  0.011002 -1.9537 0.90989 -0.0084765 0.025659 
181  0.0074015 -2.1275 0.96463 -0.0011471 0.025838 
182  0.011002 -1.9537 0.90989 -0.0067180 0.025689 
183  0.010402 -1.9783 0.92503 -0.0059486 0.025691 
184  0.010602 -1.9700 0.92031 -0.0046032 0.025736 
185  0.0052010 -2.2816 0.96916 0.0016089 0.025849 
186  0.0054011 -2.2652 0.96906 -0.0031540 0.025733 
187  0.015203 -1.8114 0.68844 0.016246 0.026591 
188  0.0080016 -2.0933 0.96139 -0.0045363 0.025730 
189  0.010202 -1.9869 0.93087 -0.0054076 0.025710 
190  0.0068014 -2.1644 0.96728 0.00094381 0.025845 
191  0.019404 -1.7036 0.58622 0.014974 0.026411 
192  0.0072014 -2.1394 0.96578 0.00048479 0.025846 
193  0.0070014 -2.1518 0.96653 -0.0024243 0.025766 
194  0.0076015 -2.1158 0.96358 -0.0028953 0.025762 
195  0.010802 -1.9618 0.91553 -0.0047382 0.025745 
196  0.015803 -1.7943 0.65979 0.013854 0.026419 
197  0.011202 -1.9458 0.90281 -0.0088820 0.025659 
198  0.014403 -1.8353 0.74210 -0.011640 0.025637 
199  0.011802 -1.9229 0.87669 -0.0095176 0.025651 
200  0.0088018 -2.0516 0.95427 -0.0042930 0.025735 
201  0.014003 -1.8477 0.76714 0.011731 0.026265 
202  0.0090018 -2.0417 0.95237 -0.0056534 0.025712 
203  0.0078016 -2.1044 0.96250 -0.0019007 0.025785 
204  0.0090018 -2.0417 0.95237 0.0010671 0.025853 
205  0.010802 -1.9618 0.91553 -0.0060558 0.025718 
206  0.0070014 -2.1518 0.96653 0.00017837 0.025809 
207  0.0098020 -2.0044 0.93937 -0.0071922 0.025685 
208  0.0072014 -2.1394 0.96578 -0.0030163 0.025777 
209  0.011602 -1.9304 0.88485 -0.010144 0.025647 
210  0.0084017 -2.0720 0.95805 0.00044765 0.025844 
211  0.0072014 -2.1394 0.96578 -0.0015072 0.025778 
212  0.0082016 -2.0825 0.95989 0.0040359 0.025943 
213  0.0082016 -2.0825 0.95989 -0.0031604 0.025763 
214  0.0080016 -2.0933 0.96139 0.0030315 0.025922 
215  0.011802 -1.9229 0.87669 0.0079730 0.026109 
216  0.0070014 -2.1518 0.96653 -0.0029248 0.025750 
217  0.0096019 -2.0135 0.94308 0.0028052 0.025933 
218  0.0082016 -2.0825 0.95989 0.0059109 0.026041 
219  0.012803 -1.8871 0.82868 0.0042561 0.026061 
220  0.017403 -1.7517 0.61858 0.015579 0.026585 
221  0.011402 -1.9380 0.89499 0.0067396 0.026133 
222  0.0098020 -2.0044 0.93937 -0.0047707 0.025721 
223  0.0096019 -2.0135 0.94308 0.0010369 0.025841 
224  0.0072014 -2.1394 0.96578 0.0023051 0.025905 
225  0.010602 -1.9700 0.92031 -0.0056856 0.025717 
226  0.0068014 -2.1644 0.96728 -0.0011103 0.025780 
227  0.010802 -1.9618 0.91553 -0.0083305 0.025669 
228  0.0098020 -2.0044 0.93937 -0.0045299 0.025755 
229  0.012202 -1.9082 0.85627 -0.0097849 0.025650 
230  0.0096019 -2.0135 0.94308 -0.0059221 0.025723 
231  0.011402 -1.9380 0.89499 -0.0058825 0.025743 
232  0.0058012 -2.2340 0.96879 -0.00013471 0.025797 
233  0.0066013 -2.1775 0.96778 -0.00036100 0.025811 
234  0.0064013 -2.1909 0.96808 0.00057031 0.025828 
235  0.027205 -1.5534 0.47090 0.031340 0.027470 
236  0.011402 -1.9380 0.89499 -0.0085846 0.025655 
237  0.0072014 -2.1394 0.96578 0.0016298 0.025859 
238  0.010402 -1.9783 0.92503 -0.0012336 0.025811 
239  0.011002 -1.9537 0.90989 -0.0020593 0.025771 
240  0.0066013 -2.1775 0.96778 0.00019759 0.025811 
241  0.0080016 -2.0933 0.96139 -0.0028937 0.025748 
242  0.0078016 -2.1044 0.96250 -0.0046414 0.025724 
243  0.0074015 -2.1275 0.96463 -0.00095356 0.025812 
244  0.0078016 -2.1044 0.96250 0.00030967 0.025821 
245  0.010802 -1.9618 0.91553 -0.0055541 0.025722 
246  0.012202 -1.9082 0.85627 -0.0097765 0.025653 
247  0.010602 -1.9700 0.92031 0.0051413 0.026016 
248  0.012402 -1.9011 0.84626 -0.0092751 0.025685 
249  0.0096019 -2.0135 0.94308 -0.0017350 0.025813 
250  0.0068014 -2.1644 0.96728 -0.0044248 0.025721 
251  0.0094019 -2.0227 0.94621 -0.0063060 0.025688 
252  0.0076015 -2.1158 0.96358 -0.0030279 0.025759 
253  0.0090018 -2.0417 0.95237 -0.0033661 0.025755 
254  0.0072014 -2.1394 0.96578 0.00092947 0.025861 
255  0.010002 -1.9955 0.93541 -0.0056177 0.025753 
256  0.0086017 -2.0617 0.95573 0.00064629 0.025827 
257  0.0066013 -2.1775 0.96778 -0.0045765 0.025723 
258  0.0094019 -2.0227 0.94621 0.0051247 0.025976 
259  0.013003 -1.8803 0.81602 0.0082709 0.026121 
260  0.0066013 -2.1775 0.96778 -0.00019957 0.025803 
261  0.0078016 -2.1044 0.96250 0.00012213 0.025822 
262  0.0096019 -2.0135 0.94308 -0.0022729 0.025793 
263  0.0086017 -2.0617 0.95573 -0.0055689 0.025718 
264  0.010202 -1.9869 0.93087 -0.0047899 0.025740 
265  0.012002 -1.9155 0.86891 -0.0094337 0.025670 
266  0.0098020 -2.0044 0.93937 -0.0047526 0.025726 
267  0.0080016 -2.0933 0.96139 0.0013691 0.025855 
268  0.0080016 -2.0933 0.96139 0.0022259 0.025891 
269  0.0092018 -2.0321 0.94945 -0.0050410 0.025718 
270  0.0088018 -2.0516 0.95427 -0.0053768 0.025722 
271  0.0080016 -2.0933 0.96139 -0.0022022 0.025799 
272  0.010402 -1.9783 0.92503 -0.0052811 0.025726 
273  0.0050010 -2.2988 0.96923 8.8902e-05 0.025810 
274  0.0084017 -2.0720 0.95805 -0.0054447 0.025720 
275  0.0092018 -2.0321 0.94945 0.0020655 0.025885 
276  0.011602 -1.9304 0.88485 -0.0061786 0.025742 
277  0.011002 -1.9537 0.90989 -0.0064574 0.025712 
278  0.0096019 -2.0135 0.94308 -0.0013176 0.025801 
279  0.0062012 -2.2048 0.96838 0.00092885 0.025851 
280  0.0074015 -2.1275 0.96463 0.0013791 0.025885 
281  0.0072014 -2.1394 0.96578 -0.0027853 0.025754 
282  0.011602 -1.9304 0.88485 -0.0056110 0.025729 
283  0.011602 -1.9304 0.88485 0.0033561 0.025989 
284  0.010202 -1.9869 0.93087 0.0011079 0.025877 
285  0.0084017 -2.0720 0.95805 0.0027156 0.025899 
286  0.010802 -1.9618 0.91553 -0.0053623 0.025724 
287  0.010802 -1.9618 0.91553 -0.0021211 0.025772 
288  0.011002 -1.9537 0.90989 0.0062351 0.026034 
289  0.0070014 -2.1518 0.96653 -0.00078724 0.025822 
290  0.0098020 -2.0044 0.93937 -0.0020170 0.025788 
291  0.011202 -1.9458 0.90281 -0.0099844 0.025648 
292  0.012002 -1.9155 0.86891 -0.0090761 0.025672 
293  0.012603 -1.8940 0.83798 -0.0094822 0.025666 
294  0.0098020 -2.0044 0.93937 -0.0067072 0.025708 
295  0.0074015 -2.1275 0.96463 0.00027295 0.025822 
296  0.0088018 -2.0516 0.95427 -0.0033989 0.025754 
297  0.014803 -1.8232 0.71433 -0.014327 0.025600 
298  0.010202 -1.9869 0.93087 -0.0021359 0.025803 
299  0.0066013 -2.1775 0.96778 0.0021270 0.025871 
300  0.0084017 -2.0720 0.95805 -0.0043561 0.025740 
301  0.010002 -1.9955 0.93541 -0.0052149 0.025731 
302  0.0072014 -2.1394 0.96578 -0.0031475 0.025757 
303  0.010002 -1.9955 0.93541 -0.0058910 0.025712 
304  0.012002 -1.9155 0.86891 -0.010167 0.025637 
305  0.010602 -1.9700 0.92031 -0.0027113 0.025767 
306  0.043209 -1.3452 0.34298 0.052896 0.028360 
307  0.0098020 -2.0044 0.93937 0.0040633 0.026004 
308  0.99880 2.9202 0.00023641 1.6799 0.11782 
309  0.0082016 -2.0825 0.95989 -0.0035418 0.025745 
310  1.0000 1000.0 0.0000 2.2291 0.17225 
311  1.0000 1000.0 0.0000 2.0748 0.15509 
312  0.010202 -1.9869 0.93087 0.0066396 0.026134 
313  0.85797 0.78110 0.016443 1.4304 0.10450 
314  0.99980 3.6988 1.2503e-05 1.7654 0.12579 
315  0.010202 -1.9869 0.93087 -0.0051265 0.025722 
316  0.0090018 -2.0417 0.95237 -0.0040157 0.025736 
317  0.92298 1.0786 0.0038266 1.4805 0.10492 
318  0.0090018 -2.0417 0.95237 0.00018028 0.025848 
319  0.010002 -1.9955 0.93541 0.0043860 0.025971 
320  0.011802 -1.9229 0.87669 0.0037038 0.025987 
321  0.0074015 -2.1275 0.96463 0.00070978 0.025838 
322  0.99800 2.6980 0.00040808 1.7106 0.12098 
323  0.0098020 -2.0044 0.93937 -0.00078179 0.025825 
324  0.0096019 -2.0135 0.94308 -0.0064268 0.025697 
325  0.50990 0.017204 0.045455 0.77142 0.065332 
326  1.0000 1000.0 0.0000 1.8502 0.13321 
327  0.011002 -1.9537 0.90989 0.0023115 0.025991 
328  0.99020 2.0044 0.00094502 1.7524 0.12607 
329  0.010202 -1.9869 0.93087 -0.0045941 0.025742 
330  1.0000 1000.0 0.0000 1.8687 0.13482 
331  0.0088018 -2.0516 0.95427 -0.0035264 0.025755 
332  0.99840 2.7951 0.00034174 1.6789 0.11794 
333  0.13543 -0.80510 0.17256 0.19388 0.035399 
334  0.0076015 -2.1158 0.96358 0.0021372 0.025890 
335  0.011802 -1.9229 0.87669 0.0048675 0.026108 
336  0.0088018 -2.0516 0.95427 0.0031560 0.025903 
337  0.0088018 -2.0516 0.95427 0.0034985 0.025952 
338  0.0092018 -2.0321 0.94945 0.00075735 0.025826 
339  0.0072014 -2.1394 0.96578 0.0031720 0.025943 
340  0.010802 -1.9618 0.91553 0.0060506 0.026039 
341  0.010002 -1.9955 0.93541 -0.0077016 0.025688 
342  0.012803 -1.8871 0.82868 -0.010806 0.025633 
343  0.0050010 -2.2988 0.96923 -0.00038760 0.025790 
344  0.0092018 -2.0321 0.94945 0.00053468 0.025859 
345  0.0092018 -2.0321 0.94945 0.0053592 0.025996 
346  0.010602 -1.9700 0.92031 -0.0080728 0.025681 
347  0.0072014 -2.1394 0.96578 -0.0027925 0.025747 
348  0.010202 -1.9869 0.93087 -0.0017152 0.025831 
349  0.010202 -1.9869 0.93087 -0.0029216 0.025786 
350  0.0068014 -2.1644 0.96728 0.00096586 0.025844 
351  0.0072014 -2.1394 0.96578 2.4393e-05 0.025824 
352  0.010402 -1.9783 0.92503 -0.0071312 0.025688 
353  0.0084017 -2.0720 0.95805 -0.0026113 0.025763 
354  0.0072014 -2.1394 0.96578 -0.0046262 0.025717 
355  0.0096019 -2.0135 0.94308 -0.0068738 0.025691 
356  0.011402 -1.9380 0.89499 0.0090254 0.026243 
357  0.010802 -1.9618 0.91553 -0.0071959 0.025678 
358  0.013603 -1.8604 0.78657 -0.0067383 0.025705 
359  0.0072014 -2.1394 0.96578 -0.0035798 0.025756 
360  0.010202 -1.9869 0.93087 -0.0066818 0.025683 
361  0.0082016 -2.0825 0.95989 0.0025897 0.025904 
362  0.0070014 -2.1518 0.96653 -0.00042947 0.025808 
363  0.012202 -1.9082 0.85627 -0.0083613 0.025687 
364  0.0098020 -2.0044 0.93937 -0.0061541 0.025691 
365  0.012402 -1.9011 0.84626 -0.0069208 0.025727 
366  0.010202 -1.9869 0.93087 -0.0026382 0.025773 
367  0.0078016 -2.1044 0.96250 -0.0034779 0.025745 
368  0.0098020 -2.0044 0.93937 -0.0059850 0.025698 
369  0.014403 -1.8353 0.74210 0.011472 0.026290 
370  0.0094019 -2.0227 0.94621 -0.0060926 0.025706 
371  0.0082016 -2.0825 0.95989 -0.0048034 0.025721 
372  0.0096019 -2.0135 0.94308 -0.0053110 0.025715 
373  0.0068014 -2.1644 0.96728 0.0020767 0.025871 
374  0.0082016 -2.0825 0.95989 -0.0013265 0.025793 
375  0.0084017 -2.0720 0.95805 0.0022035 0.025915 
376  0.012002 -1.9155 0.86891 -0.0063183 0.025703 
377  0.0082016 -2.0825 0.95989 -0.0013685 0.025806 
378  0.010002 -1.9955 0.93541 0.0037467 0.025994 
379  0.013203 -1.8736 0.80534 -0.011111 0.025629 
380  0.0090018 -2.0417 0.95237 -0.0023852 0.025756 
381  0.010802 -1.9618 0.91553 -0.0031522 0.025760 
382  0.0084017 -2.0720 0.95805 -0.0026283 0.025767 
383  0.0084017 -2.0720 0.95805 -0.0037090 0.025763 
384  0.0074015 -2.1275 0.96463 0.00017602 0.025852 
385  0.012002 -1.9155 0.86891 -0.0075858 0.025678 
386  0.0090018 -2.0417 0.95237 0.0034982 0.025960 
387  0.0072014 -2.1394 0.96578 0.0020613 0.025881 
388  0.0064013 -2.1909 0.96808 -0.0015853 0.025779 
389  0.010002 -1.9955 0.93541 -0.0010893 0.025802 
390  0.0076015 -2.1158 0.96358 -0.0021965 0.025774 
391  0.013803 -1.8540 0.77944 -0.0093905 0.025671 
392  0.0060012 -2.2191 0.96860 -0.0016747 0.025761 
393  0.010802 -1.9618 0.91553 0.0089202 0.026171 
394  0.013203 -1.8736 0.80534 -0.010248 0.025654 
395  0.0076015 -2.1158 0.96358 0.0035231 0.025924 
396  0.0086017 -2.0617 0.95573 0.00094369 0.025869 
397  0.011402 -1.9380 0.89499 -0.0063359 0.025704 
398  0.0094019 -2.0227 0.94621 0.0022137 0.025888 
399  0.0084017 -2.0720 0.95805 -0.0036758 0.025750 
400  0.012402 -1.9011 0.84626 0.0066984 0.026132 
401  0.0074015 -2.1275 0.96463 -0.0020006 0.025759 
402  0.0076015 -2.1158 0.96358 0.00032204 0.025842 
403  0.0098020 -2.0044 0.93937 -0.0042982 0.025733 
404  0.010002 -1.9955 0.93541 -0.0051859 0.025719 
405  0.0096019 -2.0135 0.94308 -0.0074236 0.025695 
406  0.012002 -1.9155 0.86891 -0.0076903 0.025702 
407  0.010802 -1.9618 0.91553 -0.0029898 0.025801 
408  0.0088018 -2.0516 0.95427 -0.0031074 0.025743 
409  0.0054011 -2.2652 0.96906 0.00091411 0.025849 
410  0.0092018 -2.0321 0.94945 -0.0034369 0.025752 
411  0.0094019 -2.0227 0.94621 -0.0027559 0.025772 
412  0.012002 -1.9155 0.86891 -0.0099384 0.025644 
413  0.0088018 -2.0516 0.95427 -0.0085556 0.025669 
414  0.0080016 -2.0933 0.96139 -0.0017591 0.025803 
415  0.012803 -1.8871 0.82868 -0.0067399 0.025708 
416  0.0070014 -2.1518 0.96653 -0.0024637 0.025774 
417  0.012002 -1.9155 0.86891 -0.0099830 0.025644 
418  0.0052010 -2.2816 0.96916 -0.00050781 0.025780 
419  0.012803 -1.8871 0.82868 -0.011373 0.025643 
420  0.0092018 -2.0321 0.94945 -0.0055553 0.025717 
421  0.010202 -1.9869 0.93087 0.00094574 0.025865 
422  0.0092018 -2.0321 0.94945 -0.0036308 0.025767 
423  0.010402 -1.9783 0.92503 -0.0049892 0.025761 
424  0.0090018 -2.0417 0.95237 0.0013031 0.025909 
425  0.010402 -1.9783 0.92503 -0.0070497 0.025693 
426  0.010802 -1.9618 0.91553 -0.0055138 0.025712 
427  0.0068014 -2.1644 0.96728 0.00080194 0.025816 
428  0.0090018 -2.0417 0.95237 0.0019851 0.025873 
429  0.010402 -1.9783 0.92503 -0.0079036 0.025684 
430  0.0080016 -2.0933 0.96139 -0.0015920 0.025781 
431  0.013403 -1.8669 0.79506 -0.0097615 0.025663 
432  0.0084017 -2.0720 0.95805 -0.0055444 0.025708 
433  0.0062012 -2.2048 0.96838 -0.0011897 0.025774 
434  0.0064013 -2.1909 0.96808 -0.00033277 0.025798 
435  0.014003 -1.8477 0.76714 0.0085307 0.026116 
436  0.0088018 -2.0516 0.95427 -0.00051549 0.025810 
437  0.012202 -1.9082 0.85627 -0.0093465 0.025658 
438  0.0056011 -2.2493 0.96893 -0.0015828 0.025769 
439  0.013203 -1.8736 0.80534 -0.0061885 0.025727 
440  0.0072014 -2.1394 0.96578 0.0011665 0.025874 
441  1.0000 1000.0 0.0000 1.9322 0.14060 
442  0.0078016 -2.1044 0.96250 0.0010611 0.025867 
443  0.010002 -1.9955 0.93541 -0.0071817 0.025699 
444  0.011402 -1.9380 0.89499 0.0059460 0.026020 
445  0.011602 -1.9304 0.88485 -0.0086194 0.025670 
446  0.70994 0.38874 0.033754 1.0609 0.080131 
447  0.10042 -0.95222 0.21485 0.13707 0.032465 
448  0.0082016 -2.0825 0.95989 -0.00088562 0.025804 
449  0.0078016 -2.1044 0.96250 -0.00070564 0.025802 
450  0.0070014 -2.1518 0.96653 0.0032118 0.025913 
451  0.010002 -1.9955 0.93541 -0.0054485 0.025702 
452  0.0092018 -2.0321 0.94945 0.0028355 0.025942 
453  0.0078016 -2.1044 0.96250 0.00088882 0.025878 
454  0.0058012 -2.2340 0.96879 -0.0033028 0.025770 
455  0.0080016 -2.0933 0.96139 -0.0015476 0.025782 
456  0.012002 -1.9155 0.86891 -0.0016537 0.025823 
457  0.0074015 -2.1275 0.96463 -0.0017648 0.025789 
458  0.010002 -1.9955 0.93541 0.0036206 0.025964 
459  0.010202 -1.9869 0.93087 -0.0023953 0.025846 
460  0.012202 -1.9082 0.85627 0.0068677 0.026062 
461  0.010002 -1.9955 0.93541 -0.0060605 0.025702 
462  0.011802 -1.9229 0.87669 0.0043783 0.026055 
463  0.0072014 -2.1394 0.96578 -0.0037095 0.025724 
464  0.0090018 -2.0417 0.95237 -0.0021669 0.025807 
465  0.0086017 -2.0617 0.95573 -0.0055824 0.025723 
466  0.0060012 -2.2191 0.96860 -0.0027456 0.025740 
467  0.012202 -1.9082 0.85627 -0.010472 0.025645 
468  0.0096019 -2.0135 0.94308 -0.0077722 0.025676 
469  0.0088018 -2.0516 0.95427 -0.0040783 0.025726 
470  0.0082016 -2.0825 0.95989 -0.0035972 0.025734 
471  0.010602 -1.9700 0.92031 -0.0068085 0.025687 
472  0.0092018 -2.0321 0.94945 0.00090792 0.025865 
473  0.013003 -1.8803 0.81602 -0.010306 0.025650 
474  0.0096019 -2.0135 0.94308 -0.0052901 0.025716 
475  0.014403 -1.8353 0.74210 -0.011305 0.025630 
476  0.0096019 -2.0135 0.94308 0.0036006 0.025962 
477  0.0076015 -2.1158 0.96358 -0.0017798 0.025763 
478  0.0058012 -2.2340 0.96879 0.0011532 0.025862 
479  0.0096019 -2.0135 0.94308 -0.0045253 0.025728 
480  0.014403 -1.8353 0.74210 0.0095219 0.026180 
481  0.0094019 -2.0227 0.94621 0.0027568 0.025912 
482  0.011002 -1.9537 0.90989 -0.0080260 0.025662 
483  0.010802 -1.9618 0.91553 -0.0093308 0.025649 
484  0.0080016 -2.0933 0.96139 -0.0038746 0.025729 
485  0.0094019 -2.0227 0.94621 -0.0028264 0.025764 
486  0.0082016 -2.0825 0.95989 -0.0025787 0.025744 
487  0.0042008 -2.3748 0.96927 -0.0012130 0.025769 
488  0.012603 -1.8940 0.83798 0.0076476 0.026107 
489  0.010002 -1.9955 0.93541 -3.6862e-05 0.025855 
490  0.011202 -1.9458 0.90281 -0.0072373 0.025696 
491  0.0070014 -2.1518 0.96653 -0.0011007 0.025792 
492  0.0098020 -2.0044 0.93937 0.0050774 0.025997 
493  0.0076015 -2.1158 0.96358 0.0015402 0.025872 
494  0.011402 -1.9380 0.89499 0.0069657 0.026064 
495  0.0084017 -2.0720 0.95805 0.0034323 0.025970 
496  0.0064013 -2.1909 0.96808 -0.0016985 0.025792 
497  0.0092018 -2.0321 0.94945 -0.0051966 0.025718 
498  0.0066013 -2.1775 0.96778 -0.0018032 0.025776 
499  0.0092018 -2.0321 0.94945 -0.0066542 0.025680 
500  0.0080016 -2.0933 0.96139 0.0032618 0.025927 
501  0.0074015 -2.1275 0.96463 0.0027323 0.025909 
502  0.0084017 -2.0720 0.95805 -0.00094090 0.025810 
503  0.0096019 -2.0135 0.94308 -0.0076441 0.025680 
504  0.0076015 -2.1158 0.96358 -0.00050031 0.025810 
505  0.0066013 -2.1775 0.96778 -0.0017279 0.025759 
506  0.0080016 -2.0933 0.96139 0.0050043 0.025984 
507  0.0084017 -2.0720 0.95805 -0.0030837 0.025768 
508  0.017003 -1.7620 0.63136 0.016098 0.026547 
509  0.0082016 -2.0825 0.95989 -0.0037315 0.025744 
510  0.0074015 -2.1275 0.96463 -0.0012368 0.025786 
511  0.0092018 -2.0321 0.94945 0.0052418 0.026024 
512  0.012603 -1.8940 0.83798 -0.0086427 0.025699 
513  0.011402 -1.9380 0.89499 -0.0059249 0.025711 
514  0.0066013 -2.1775 0.96778 -0.0037652 0.025739 
515  0.0072014 -2.1394 0.96578 -0.0023744 0.025763 
516  0.011002 -1.9537 0.90989 -0.0031879 0.025770 
517  0.015003 -1.8173 0.69691 -0.011464 0.025638 
518  0.0068014 -2.1644 0.96728 -0.0016802 0.025776 
519  0.011002 -1.9537 0.90989 -0.0068584 0.025721 
520  0.0074015 -2.1275 0.96463 -0.0018881 0.025766 
521  0.011402 -1.9380 0.89499 -0.0089402 0.025662 
522  0.016003 -1.7888 0.64897 -0.011706 0.025649 
523  0.0098020 -2.0044 0.93937 -0.0045739 0.025719 
524  0.0090018 -2.0417 0.95237 0.0022099 0.025886 
525  0.0060012 -2.2191 0.96860 -0.00013907 0.025816 
526  0.011602 -1.9304 0.88485 -0.0097070 0.025657 
527  0.010602 -1.9700 0.92031 -0.0032124 0.025762 
528  0.0092018 -2.0321 0.94945 -0.00060492 0.025850 
529  0.010202 -1.9869 0.93087 -0.0064292 0.025693 
530  0.0072014 -2.1394 0.96578 -0.0037750 0.025754 
531  0.0084017 -2.0720 0.95805 -0.0019726 0.025763 
532  0.0066013 -2.1775 0.96778 -0.0031631 0.025751 
533  0.0082016 -2.0825 0.95989 -0.00018531 0.025811 
534  0.0088018 -2.0516 0.95427 -0.0025053 0.025786 
535  0.011802 -1.9229 0.87669 -0.0047515 0.025739 
536  0.010802 -1.9618 0.91553 -0.0082220 0.025690 
537  0.092018 -0.99420 0.24095 0.11665 0.031288 
538  0.0078016 -2.1044 0.96250 0.0013610 0.025889 
539  0.013203 -1.8736 0.80534 0.015131 0.026592 
540  0.011802 -1.9229 0.87669 -0.010066 0.025642 
541  0.0090018 -2.0417 0.95237 0.0055444 0.026028 
542  0.0070014 -2.1518 0.96653 0.0017443 0.025877 
543  0.0072014 -2.1394 0.96578 0.0049935 0.026014 
544  0.0096019 -2.0135 0.94308 -0.0073348 0.025713 
545  0.0090018 -2.0417 0.95237 -0.0056886 0.025724 
546  0.0090018 -2.0417 0.95237 -0.0026645 0.025803 
547  0.0078016 -2.1044 0.96250 0.0012225 0.025913 
548  0.012002 -1.9155 0.86891 -0.0089666 0.025679 
549  0.019004 -1.7128 0.59388 0.015657 0.026560 
550  0.0090018 -2.0417 0.95237 -0.0080978 0.025676 
551  0.012002 -1.9155 0.86891 -0.0085669 0.025676 
552  0.0062012 -2.2048 0.96838 0.0010092 0.025835 
553  0.014203 -1.8414 0.75196 0.011076 0.026265 
554  0.010402 -1.9783 0.92503 -0.0047832 0.025747 
555  0.30986 -0.34777 0.096387 0.47342 0.050263 
556  0.010202 -1.9869 0.93087 -0.010055 0.025640 
557  0.0074015 -2.1275 0.96463 -0.0022277 0.025772 
558  0.012002 -1.9155 0.86891 -0.0066881 0.025694 
559  0.010402 -1.9783 0.92503 -0.0046902 0.025745 
560  0.014603 -1.8292 0.72313 -0.0091514 0.025654 
561  0.0092018 -2.0321 0.94945 0.0014673 0.025882 
562  0.0080016 -2.0933 0.96139 -0.00012987 0.025815 
563  0.010402 -1.9783 0.92503 -0.0049597 0.025735 
564  0.0050010 -2.2988 0.96923 0.0014015 0.025849 
565  0.011802 -1.9229 0.87669 -0.0090248 0.025667 
566  0.010602 -1.9700 0.92031 -0.0075392 0.025680 
567  0.012002 -1.9155 0.86891 0.0053447 0.026049 
568  0.0086017 -2.0617 0.95573 0.0039945 0.025933 
569  0.0088018 -2.0516 0.95427 -0.0030070 0.025760 
570  0.0060012 -2.2191 0.96860 -0.0010881 0.025781 
571  0.012402 -1.9011 0.84626 -0.0091492 0.025660 
572  0.011202 -1.9458 0.90281 0.0076283 0.026104 
573  0.010002 -1.9955 0.93541 -0.0036387 0.025754 
574  0.0074015 -2.1275 0.96463 -0.0026511 0.025772 
575  0.0072014 -2.1394 0.96578 -0.0010462 0.025793 
576  0.011202 -1.9458 0.90281 -0.010281 0.025639 
577  0.010602 -1.9700 0.92031 -0.0016655 0.025799 
578  0.0070014 -2.1518 0.96653 -0.0018793 0.025777 
579  0.011802 -1.9229 0.87669 -0.0087337 0.025679 
580  0.010002 -1.9955 0.93541 -0.0025461 0.025765 
581  0.0092018 -2.0321 0.94945 0.00083546 0.025855 
582  0.0082016 -2.0825 0.95989 -0.0033540 0.025744 
583  0.015603 -1.8000 0.67237 -0.017138 0.025576 
584  0.0072014 -2.1394 0.96578 -0.00035117 0.025834 
585  0.0084017 -2.0720 0.95805 -0.0014852 0.025807 
586  0.0098020 -2.0044 0.93937 -0.0029580 0.025777 
587  0.014403 -1.8353 0.74210 -0.011245 0.025641 
588  0.024605 -1.5982 0.51234 0.025478 0.027034 
589  0.0092018 -2.0321 0.94945 -0.0054822 0.025714 
590  0.0088018 -2.0516 0.95427 -0.0031196 0.025737 
591  0.0088018 -2.0516 0.95427 0.0056356 0.026040 
592  0.011002 -1.9537 0.90989 -0.0087647 0.025647 
593  0.014403 -1.8353 0.74210 -0.013480 0.025613 
594  0.0096019 -2.0135 0.94308 -0.0031649 0.025785 
595  0.010002 -1.9955 0.93541 -0.0054059 0.025733 
596  0.0084017 -2.0720 0.95805 0.00093591 0.025866 
597  0.010202 -1.9869 0.93087 0.0041497 0.025991 
598  0.015603 -1.8000 0.67237 0.014466 0.026496 
599  0.0072014 -2.1394 0.96578 -0.0022708 0.025763 
600  0.010802 -1.9618 0.91553 -0.0084930 0.025686 
601  0.0068014 -2.1644 0.96728 -0.00076000 0.025792 
602  0.012603 -1.8940 0.83798 -0.0095312 0.025670 
603  0.0082016 -2.0825 0.95989 -0.0049475 0.025702 
604  0.0070014 -2.1518 0.96653 -0.00077817 0.025789 
605  0.0078016 -2.1044 0.96250 -0.00041065 0.025810 
606  0.010002 -1.9955 0.93541 0.0052308 0.026008 
607  0.010202 -1.9869 0.93087 -0.0062979 0.025686 
608  0.0078016 -2.1044 0.96250 -0.0013698 0.025778 
609  0.0096019 -2.0135 0.94308 -0.0071377 0.025701 
610  0.0076015 -2.1158 0.96358 0.00096311 0.025848 
611  0.0072014 -2.1394 0.96578 0.0030283 0.025925 
612  0.012402 -1.9011 0.84626 -0.0079256 0.025704 
613  0.0068014 -2.1644 0.96728 0.0023189 0.025872 
614  0.0054011 -2.2652 0.96906 -0.00095742 0.025784 
615  0.0094019 -2.0227 0.94621 -0.0079519 0.025676 
616  0.0096019 -2.0135 0.94308 0.0075881 0.026153 
617  0.0068014 -2.1644 0.96728 0.00081654 0.025845 
618  0.0072014 -2.1394 0.96578 -0.00055803 0.025815 
619  0.0078016 -2.1044 0.96250 -0.0034134 0.025754 
620  0.0064013 -2.1909 0.96808 -0.00037038 0.025798 
621  0.012603 -1.8940 0.83798 -0.011224 0.025626 
622  0.010202 -1.9869 0.93087 0.0050628 0.025972 
623  0.0080016 -2.0933 0.96139 8.9174e-06 0.025827 
624  0.010202 -1.9869 0.93087 -0.0055024 0.025736 
625  0.0070014 -2.1518 0.96653 -9.1835e-05 0.025810 
626  0.028806 -1.5278 0.45770 0.028095 0.026977 
627  0.0098020 -2.0044 0.93937 -0.0051231 0.025723 
628  0.014803 -1.8232 0.71433 0.0097815 0.026218 
629  0.014603 -1.8292 0.72313 0.011648 0.026286 
630  0.0082016 -2.0825 0.95989 -0.0058018 0.025715 
631  0.0074015 -2.1275 0.96463 -0.0038530 0.025733 
632  0.0080016 -2.0933 0.96139 0.0020376 0.025877 
633  0.013003 -1.8803 0.81602 -0.0077732 0.025711 
634  0.0062012 -2.2048 0.96838 -0.00062925 0.025796 
635  0.010202 -1.9869 0.93087 -0.0060196 0.025714 
636  0.0068014 -2.1644 0.96728 -0.0023904 0.025775 
637  0.010802 -1.9618 0.91553 -0.0068644 0.025712 
638  0.011002 -1.9537 0.90989 -0.0066181 0.025689 
639  0.0086017 -2.0617 0.95573 -0.0032428 0.025761 
640  0.0076015 -2.1158 0.96358 -0.0038400 0.025737 
641  0.011802 -1.9229 0.87669 0.0063447 0.026051 
642  0.0096019 -2.0135 0.94308 -0.0015793 0.025819 
643  0.014003 -1.8477 0.76714 0.010053 0.026207 
644  0.0092018 -2.0321 0.94945 0.0022476 0.025923 
645  0.0066013 -2.1775 0.96778 -0.0020774 0.025776 
646  0.010002 -1.9955 0.93541 -0.0038591 0.025750 
647  0.010802 -1.9618 0.91553 -0.0089876 0.025671 
648  0.033607 -1.4587 0.41384 0.041220 0.027821 
649  0.0092018 -2.0321 0.94945 0.0058018 0.026038 
650  0.0072014 -2.1394 0.96578 0.00037287 0.025820 
651  0.0088018 -2.0516 0.95427 -0.0058138 0.025707 
652  0.0070014 -2.1518 0.96653 -0.0025681 0.025759 
653  0.0098020 -2.0044 0.93937 -0.0028482 0.025774 
654  0.011002 -1.9537 0.90989 0.0044291 0.025976 
655  0.010202 -1.9869 0.93087 -0.0045928 0.025740 
656  0.0092018 -2.0321 0.94945 -0.0053466 0.025725 
657  0.012002 -1.9155 0.86891 -0.011976 0.025641 
658  0.0096019 -2.0135 0.94308 -0.0018922 0.025791 
659  0.0088018 -2.0516 0.95427 0.0032005 0.025928 
660  0.0082016 -2.0825 0.95989 9.6994e-05 0.025828 
661  0.0070014 -2.1518 0.96653 -0.00050878 0.025801 
662  0.010002 -1.9955 0.93541 -0.0083845 0.025677 
663  0.0088018 -2.0516 0.95427 -0.0064534 0.025690 
664  0.012002 -1.9155 0.86891 -0.010583 0.025637 
665  0.0080016 -2.0933 0.96139 -0.0011538 0.025789 
666  0.012803 -1.8871 0.82868 0.0084045 0.026135 
667  0.011202 -1.9458 0.90281 -0.010307 0.025664 
668  0.012402 -1.9011 0.84626 -0.0054785 0.025728 
669  0.010202 -1.9869 0.93087 -0.0068984 0.025714 
670  0.0078016 -2.1044 0.96250 -0.0027551 0.025752 
671  0.010202 -1.9869 0.93087 -0.0072033 0.025686 
672  0.0090018 -2.0417 0.95237 0.0055505 0.026003 
673  0.0072014 -2.1394 0.96578 0.0029957 0.025911 
674  0.010602 -1.9700 0.92031 -0.0029900 0.025757 
675  0.0076015 -2.1158 0.96358 -0.0028489 0.025752 
676  0.012803 -1.8871 0.82868 -0.0076116 0.025683 
677  0.0082016 -2.0825 0.95989 -0.0020964 0.025758 
678  0.0084017 -2.0720 0.95805 -0.0041982 0.025734 
679  0.0090018 -2.0417 0.95237 0.0033910 0.025920 
680  0.0056011 -2.2493 0.96893 0.0011429 0.025839 
681  0.0062012 -2.2048 0.96838 -0.0011420 0.025782 
682  0.010002 -1.9955 0.93541 -0.0059778 0.025707 
683  0.010402 -1.9783 0.92503 0.0016623 0.025896 
684  0.0064013 -2.1909 0.96808 -0.00036891 0.025795 
685  0.0088018 -2.0516 0.95427 -0.0042185 0.025727 
686  0.0064013 -2.1909 0.96808 0.0012183 0.025845 
687  0.0078016 -2.1044 0.96250 -0.0019936 0.025767 
688  0.036407 -1.4227 0.39759 0.038167 0.027528 
689  0.011002 -1.9537 0.90989 -0.0069662 0.025686 
690  0.010002 -1.9955 0.93541 -0.0017438 0.025804 
691  0.0088018 -2.0516 0.95427 -0.0029572 0.025752 
692  0.0098020 -2.0044 0.93937 -0.0068616 0.025709 
693  0.011602 -1.9304 0.88485 -0.012525 0.025618 
694  0.0082016 -2.0825 0.95989 -0.0023825 0.025779 
695  0.011802 -1.9229 0.87669 -0.0063351 0.025704 
696  0.0072014 -2.1394 0.96578 -0.0051646 0.025710 
697  0.0080016 -2.0933 0.96139 0.0026477 0.025916 
698  0.0064013 -2.1909 0.96808 0.00038930 0.025819 
699  0.010202 -1.9869 0.93087 -0.0029356 0.025754 
700  0.0072014 -2.1394 0.96578 0.0017171 0.025867 
701  0.0086017 -2.0617 0.95573 -0.0047994 0.025742 
702  0.0096019 -2.0135 0.94308 -0.0056904 0.025710 
703  0.034007 -1.4534 0.40583 0.033498 0.027293 
704  0.010202 -1.9869 0.93087 -0.0013802 0.025818 
705  0.0068014 -2.1644 0.96728 -0.00027121 0.025808 
706  0.011202 -1.9458 0.90281 -0.0049118 0.025728 
707  0.0082016 -2.0825 0.95989 0.0018409 0.025905 
708  0.0090018 -2.0417 0.95237 -0.0067899 0.025684 
709  0.0076015 -2.1158 0.96358 -0.0037484 0.025729 
710  0.0068014 -2.1644 0.96728 -0.0012193 0.025773 
711  0.012202 -1.9082 0.85627 -0.0078023 0.025680 
712  0.012002 -1.9155 0.86891 -0.0051696 0.025712 
713  0.0084017 -2.0720 0.95805 -0.0025635 0.025780 
714  0.0092018 -2.0321 0.94945 -0.0033751 0.025748 
715  0.0096019 -2.0135 0.94308 -0.0019996 0.025793 
716  0.0070014 -2.1518 0.96653 -0.0046402 0.025738 
717  0.011002 -1.9537 0.90989 0.00054914 0.025888 
718  0.011402 -1.9380 0.89499 0.0026393 0.026015 
719  0.012202 -1.9082 0.85627 -0.0050825 0.025739 
720  0.011602 -1.9304 0.88485 -0.010786 0.025631 
721  0.010002 -1.9955 0.93541 -0.0058525 0.025703 
722  0.0098020 -2.0044 0.93937 -0.0054370 0.025718 
723  0.0082016 -2.0825 0.95989 -0.0035890 0.025735 
724  0.011402 -1.9380 0.89499 -0.0074091 0.025700 
725  0.0098020 -2.0044 0.93937 0.0026617 0.025940 
726  0.0098020 -2.0044 0.93937 -0.00029587 0.025860 
727  0.0094019 -2.0227 0.94621 -0.0028319 0.025766 
728  0.0078016 -2.1044 0.96250 -0.0017613 0.025776 
729  0.014803 -1.8232 0.71433 0.013395 0.026382 
730  0.0066013 -2.1775 0.96778 -0.00066911 0.025785 
731  0.0084017 -2.0720 0.95805 -0.0035053 0.025745 
732  0.0062012 -2.2048 0.96838 -0.0022402 0.025766 
733  0.010002 -1.9955 0.93541 0.0042150 0.025980 
734  0.0094019 -2.0227 0.94621 0.0047212 0.026002 
735  0.010202 -1.9869 0.93087 0.0088530 0.026150 
736  0.0084017 -2.0720 0.95805 -0.00040181 0.025813 
737  0.0080016 -2.0933 0.96139 -0.0039481 0.025758 
738  0.012603 -1.8940 0.83798 -0.0095603 0.025667 
739  0.0060012 -2.2191 0.96860 0.0011708 0.025848 
740  0.010402 -1.9783 0.92503 -0.0037097 0.025766 
741  0.0090018 -2.0417 0.95237 0.00087359 0.025854 
742  0.014203 -1.8414 0.75196 -0.011471 0.025616 
743  0.010202 -1.9869 0.93087 -0.0069919 0.025705 
744  0.0090018 -2.0417 0.95237 -0.0030205 0.025761 
745  0.023805 -1.6129 0.51773 0.023821 0.026849 
746  0.010402 -1.9783 0.92503 -0.0074311 0.025691 
747  0.0092018 -2.0321 0.94945 -0.0025168 0.025794 
748  0.010402 -1.9783 0.92503 -0.0058188 0.025702 
749  0.010002 -1.9955 0.93541 -0.0080955 0.025685 
750  0.0092018 -2.0321 0.94945 -0.0010856 0.025801 
751  0.0084017 -2.0720 0.95805 0.00092837 0.025861 
752  0.0090018 -2.0417 0.95237 0.0048355 0.025972 
753  0.0058012 -2.2340 0.96879 0.00050279 0.025823 
754  0.0076015 -2.1158 0.96358 -0.0044255 0.025719 
755  0.011202 -1.9458 0.90281 -0.0041006 0.025759 
756  0.010602 -1.9700 0.92031 0.00014752 0.025888 
757  0.0080016 -2.0933 0.96139 -0.0048375 0.025719 
758  0.0064013 -2.1909 0.96808 -0.0013422 0.025777 
759  0.0084017 -2.0720 0.95805 -0.00085772 0.025808 
760  0.0074015 -2.1275 0.96463 -0.0016288 0.025778 
761  0.010402 -1.9783 0.92503 -0.0078885 0.025684 
762  0.0084017 -2.0720 0.95805 -0.00074432 0.025814 
763  0.010002 -1.9955 0.93541 -0.0047601 0.025734 
764  0.0084017 -2.0720 0.95805 -0.0021462 0.025782 
765  0.0068014 -2.1644 0.96728 0.0015346 0.025866 
766  0.0080016 -2.0933 0.96139 -0.0015162 0.025787 
767  0.012803 -1.8871 0.82868 -0.0094472 0.025657 
768  0.0094019 -2.0227 0.94621 0.0038504 0.025942 
769  0.0062012 -2.2048 0.96838 0.00031161 0.025812 
770  0.0092018 -2.0321 0.94945 -0.0057364 0.025720 
771  0.0090018 -2.0417 0.95237 0.00042979 0.025848 
772  0.010002 -1.9955 0.93541 -0.0034267 0.025752 
773  0.0090018 -2.0417 0.95237 -0.0015341 0.025790 
774  0.011202 -1.9458 0.90281 -0.0098274 0.025646 
775  0.0090018 -2.0417 0.95237 0.0039311 0.025950 
776  0.0062012 -2.2048 0.96838 -0.00090848 0.025801 
777  0.0078016 -2.1044 0.96250 -0.0014512 0.025803 
778  0.010602 -1.9700 0.92031 -0.0062620 0.025700 
779  0.0094019 -2.0227 0.94621 -0.0036207 0.025748 
780  0.011202 -1.9458 0.90281 -0.0077856 0.025683 
781  0.0078016 -2.1044 0.96250 0.0025846 0.025874 
782  0.015003 -1.8173 0.69691 0.011282 0.026236 
783  0.011002 -1.9537 0.90989 0.0019198 0.025907 
784  0.010002 -1.9955 0.93541 0.0049459 0.025968 
785  0.0040008 -2.3961 0.96928 0.00041805 0.025818 
786  0.011202 -1.9458 0.90281 -0.0065178 0.025699 
787  0.0080016 -2.0933 0.96139 -0.0031854 0.025749 
788  0.0072014 -2.1394 0.96578 -0.00030195 0.025799 
789  0.0076015 -2.1158 0.96358 0.0010485 0.025838 
790  0.011202 -1.9458 0.90281 -0.011182 0.025649 
791  0.0094019 -2.0227 0.94621 -0.0019827 0.025793 
792  0.011402 -1.9380 0.89499 0.0065308 0.026043 
793  0.0078016 -2.1044 0.96250 0.00050991 0.025820 
794  0.0082016 -2.0825 0.95989 -0.0017922 0.025780 
795  0.013203 -1.8736 0.80534 -0.010069 0.025647 
796  0.0086017 -2.0617 0.95573 -0.0022173 0.025802 
797  0.027806 -1.5436 0.46438 0.028991 0.027136 
798  0.0092018 -2.0321 0.94945 -0.0049797 0.025732 
799  0.0066013 -2.1775 0.96778 0.0027803 0.025911 
800  0.0084017 -2.0720 0.95805 -0.0044215 0.025736 
801  0.0086017 -2.0617 0.95573 -0.0024329 0.025813 
802  0.010802 -1.9618 0.91553 0.0074790 0.026104 
803  0.0084017 -2.0720 0.95805 0.00072672 0.025850 
804  0.0088018 -2.0516 0.95427 -0.0024762 0.025776 
805  0.0066013 -2.1775 0.96778 0.00029341 0.025815 
806  0.0058012 -2.2340 0.96879 -0.00035583 0.025795 
807  0.0090018 -2.0417 0.95237 -0.0055629 0.025722 
808  0.019604 -1.6991 0.58227 0.020670 0.026783 
809  0.0076015 -2.1158 0.96358 -0.0033344 0.025740 
810  0.0066013 -2.1775 0.96778 0.0019508 0.025867 
811  0.0084017 -2.0720 0.95805 -0.0058685 0.025702 
812  0.0086017 -2.0617 0.95573 -0.00055979 0.025824 
813  0.012002 -1.9155 0.86891 -0.0093514 0.025658 
814  0.010002 -1.9955 0.93541 -0.0082208 0.025669 
815  0.012402 -1.9011 0.84626 -0.0081320 0.025676 
816  0.012002 -1.9155 0.86891 -0.011993 0.025618 
817  0.0092018 -2.0321 0.94945 0.0019742 0.025949 
818  0.010802 -1.9618 0.91553 -0.0063205 0.025701 
819  0.011602 -1.9304 0.88485 -0.0089230 0.025660 
820  0.0064013 -2.1909 0.96808 -0.00082231 0.025786 
821  0.0058012 -2.2340 0.96879 0.0011507 0.025841 
822  0.0072014 -2.1394 0.96578 -0.0015563 0.025774 
823  0.0068014 -2.1644 0.96728 0.0018183 0.025888 
824  0.0072014 -2.1394 0.96578 0.00020713 0.025819 
825  0.019604 -1.6991 0.58227 0.016199 0.026526 
826  0.010802 -1.9618 0.91553 -0.0048142 0.025734 
827  0.0098020 -2.0044 0.93937 -0.0025080 0.025770 
828  0.011402 -1.9380 0.89499 -0.0058325 0.025730 
829  0.0080016 -2.0933 0.96139 -0.0033825 0.025747 
830  0.0058012 -2.2340 0.96879 0.00021840 0.025820 
831  0.0080016 -2.0933 0.96139 0.0042650 0.025958 
832  0.012803 -1.8871 0.82868 -0.0098558 0.025638 
833  0.0084017 -2.0720 0.95805 -0.0015145 0.025839 
834  0.0090018 -2.0417 0.95237 -0.00074541 0.025805 
835  0.014603 -1.8292 0.72313 -0.010198 0.025665 
836  0.017003 -1.7620 0.63136 0.013066 0.026321 
837  0.011002 -1.9537 0.90989 -0.0061701 0.025714 
838  0.011402 -1.9380 0.89499 -0.0037896 0.025752 
839  0.0084017 -2.0720 0.95805 -0.0019194 0.025790 
840  0.0084017 -2.0720 0.95805 0.0017473 0.025901 
841  0.0072014 -2.1394 0.96578 0.0013623 0.025847 
842  0.0072014 -2.1394 0.96578 -0.0053856 0.025708 
843  0.0068014 -2.1644 0.96728 0.0025519 0.025887 
844  0.0062012 -2.2048 0.96838 -0.0015944 0.025776 
845  0.0088018 -2.0516 0.95427 0.0041861 0.025942 
846  0.014003 -1.8477 0.76714 -0.010889 0.025631 
847  0.010002 -1.9955 0.93541 -0.0044569 0.025735 
848  0.0088018 -2.0516 0.95427 -0.0021647 0.025809 
849  0.0074015 -2.1275 0.96463 -0.0027158 0.025765 
850  0.0094019 -2.0227 0.94621 0.0024081 0.025925 
851  0.0092018 -2.0321 0.94945 -0.0017467 0.025799 
852  0.0068014 -2.1644 0.96728 -0.0014017 0.025791 
853  0.0098020 -2.0044 0.93937 -0.0079012 0.025668 
854  0.012402 -1.9011 0.84626 -0.011255 0.025632 
855  0.010802 -1.9618 0.91553 -0.0089300 0.025660 
856  0.0094019 -2.0227 0.94621 0.0035353 0.025956 
857  0.0076015 -2.1158 0.96358 -0.0054485 0.025718 
858  0.011002 -1.9537 0.90989 -0.0081279 0.025688 
859  0.0080016 -2.0933 0.96139 -0.0046942 0.025727 
860  0.0090018 -2.0417 0.95237 -0.0029522 0.025756 
861  0.011402 -1.9380 0.89499 0.0031739 0.025984 
862  0.0090018 -2.0417 0.95237 0.0023272 0.025940 
863  0.0088018 -2.0516 0.95427 -0.0010323 0.025832 
864  0.012803 -1.8871 0.82868 -0.0082211 0.025689 
865  0.0072014 -2.1394 0.96578 -0.0015489 0.025780 
866  0.0096019 -2.0135 0.94308 -0.0021512 0.025807 
867  0.0096019 -2.0135 0.94308 -8.2440e-05 0.025859 
868  0.0092018 -2.0321 0.94945 -0.0027951 0.025755 
869  0.0096019 -2.0135 0.94308 -0.0041844 0.025767 
870  0.0074015 -2.1275 0.96463 0.0018332 0.025863 
871  0.011602 -1.9304 0.88485 -0.0066665 0.025704 
872  0.0086017 -2.0617 0.95573 -0.0085600 0.025665 
873  0.0068014 -2.1644 0.96728 9.4193e-05 0.025827 
874  0.015403 -1.8057 0.68624 0.016559 0.026607 
875  0.0096019 -2.0135 0.94308 -0.0023520 0.025811 
876  0.014803 -1.8232 0.71433 0.012966 0.026334 
877  0.012603 -1.8940 0.83798 -0.0069861 0.025729 
878  0.0098020 -2.0044 0.93937 -0.0039419 0.025750 
879  0.0076015 -2.1158 0.96358 -0.0048053 0.025727 
880  0.0084017 -2.0720 0.95805 -0.0036818 0.025737 
881  0.010802 -1.9618 0.91553 -0.0055704 0.025715 
882  0.0082016 -2.0825 0.95989 0.00052669 0.025816 
883  0.010402 -1.9783 0.92503 -0.0050296 0.025716 
884  0.0082016 -2.0825 0.95989 -0.00060663 0.025815 
885  0.0086017 -2.0617 0.95573 -0.00021062 0.025826 
886  0.0080016 -2.0933 0.96139 0.0031191 0.025915 
887  0.0088018 -2.0516 0.95427 -0.0065101 0.025692 
888  0.0086017 -2.0617 0.95573 -0.0034296 0.025750 
889  0.012202 -1.9082 0.85627 -0.0054691 0.025757 
890  0.0080016 -2.0933 0.96139 -0.0021563 0.025759 
891  0.010802 -1.9618 0.91553 0.0047229 0.026027 
892  0.0092018 -2.0321 0.94945 0.0012181 0.025861 
893  0.0094019 -2.0227 0.94621 -0.0053661 0.025713 
894  0.0090018 -2.0417 0.95237 -0.0013647 0.025792 
895  0.0094019 -2.0227 0.94621 -0.0041157 0.025747 
896  0.0068014 -2.1644 0.96728 -0.0022095 0.025750 
897  0.011002 -1.9537 0.90989 -0.0089772 0.025675 
898  0.0084017 -2.0720 0.95805 -0.0048356 0.025721 
899  0.0098020 -2.0044 0.93937 -0.0063845 0.025695 
900  0.0078016 -2.1044 0.96250 0.00096432 0.025872 
901  0.0078016 -2.1044 0.96250 0.0024896 0.025889 
902  0.0070014 -2.1518 0.96653 -0.0010752 0.025774 
903  0.0086017 -2.0617 0.95573 -0.0035244 0.025744 
904  0.0078016 -2.1044 0.96250 0.0031824 0.025910 
905  0.0068014 -2.1644 0.96728 0.0011067 0.025841 
906  0.012202 -1.9082 0.85627 0.0075646 0.026128 
907  0.0084017 -2.0720 0.95805 -0.0043642 0.025726 
908  0.0082016 -2.0825 0.95989 -0.0049154 0.025716 
909  0.013203 -1.8736 0.80534 -0.010010 0.025643 
910  0.0098020 -2.0044 0.93937 -0.0020220 0.025788 
911  0.0092018 -2.0321 0.94945 0.0027406 0.025936 
912  0.012803 -1.8871 0.82868 -0.0098183 0.025648 
913  0.0088018 -2.0516 0.95427 -0.0057713 0.025710 
914  0.010202 -1.9869 0.93087 -0.0011854 0.025818 
915  0.0086017 -2.0617 0.95573 -0.00059551 0.025825 
916  0.010802 -1.9618 0.91553 -0.0065701 0.025704 
917  0.011402 -1.9380 0.89499 0.0071654 0.026118 
918  0.014403 -1.8353 0.74210 0.010468 0.026276 
919  0.011002 -1.9537 0.90989 -0.0055708 0.025777 
920  0.011202 -1.9458 0.90281 -0.0032392 0.025808 
921  0.0084017 -2.0720 0.95805 -0.00089509 0.025824 
922  0.0096019 -2.0135 0.94308 -0.0044652 0.025717 
923  0.015403 -1.8057 0.68624 -0.011139 0.025640 
924  0.013803 -1.8540 0.77944 0.011020 0.026254 
925  0.0078016 -2.1044 0.96250 0.0013557 0.025864 
926  0.0080016 -2.0933 0.96139 -0.0029251 0.025749 
927  0.010402 -1.9783 0.92503 -0.0052897 0.025725 
928  0.0072014 -2.1394 0.96578 -0.00019470 0.025816 
929  0.0090018 -2.0417 0.95237 -0.0013868 0.025803 
930  0.0098020 -2.0044 0.93937 -0.0022752 0.025780 
931  0.0094019 -2.0227 0.94621 -0.0055147 0.025708 
932  0.010202 -1.9869 0.93087 -0.0055770 0.025717 
933  0.0084017 -2.0720 0.95805 -0.0028968 0.025794 
934  0.42829 -0.12545 0.069809 0.73685 0.067011 
935  0.0066013 -2.1775 0.96778 0.00085033 0.025826 
936  0.0072014 -2.1394 0.96578 -0.0027496 0.025755 
937  0.0060012 -2.2191 0.96860 -0.0021064 0.025757 
938  0.0094019 -2.0227 0.94621 -0.0033075 0.025747 
939  0.014803 -1.8232 0.71433 -0.012550 0.025630 
940  0.0078016 -2.1044 0.96250 -0.00037265 0.025808 
941  0.0094019 -2.0227 0.94621 -0.0059269 0.025716 
942  0.0066013 -2.1775 0.96778 -0.0026497 0.025774 
943  0.011602 -1.9304 0.88485 0.0049227 0.026013 
944  0.011002 -1.9537 0.90989 -0.0073137 0.025706 
945  0.012202 -1.9082 0.85627 -0.0069829 0.025702 
946  0.011202 -1.9458 0.90281 -0.0065597 0.025699 
947  0.0078016 -2.1044 0.96250 -0.0014493 0.025798 
948  0.022605 -1.6359 0.53814 0.022953 0.026840 
949  0.0070014 -2.1518 0.96653 0.00060452 0.025834 
950  0.013603 -1.8604 0.78657 -0.010828 0.025635 
951  0.0066013 -2.1775 0.96778 0.00084313 0.025824 
952  0.0084017 -2.0720 0.95805 -0.0040929 0.025726 
953  0.0096019 -2.0135 0.94308 -0.0057411 0.025698 
954  0.011402 -1.9380 0.89499 -0.0092169 0.025676 
955  0.0066013 -2.1775 0.96778 0.00077163 0.025864 
956  0.0070014 -2.1518 0.96653 -0.0023176 0.025779 
957  0.025005 -1.5910 0.50683 0.024798 0.026969 
958  0.0088018 -2.0516 0.95427 -0.0044010 0.025741 
959  0.011402 -1.9380 0.89499 0.0072861 0.026087 
960  0.0068014 -2.1644 0.96728 -0.0010791 0.025800 
961  0.0076015 -2.1158 0.96358 0.00014866 0.025818 
962  0.0082016 -2.0825 0.95989 -0.0013529 0.025787 
963  0.0082016 -2.0825 0.95989 0.0015956 0.025888 
964  0.015803 -1.7943 0.65979 0.015943 0.026532 
965  0.0084017 -2.0720 0.95805 -0.0020125 0.025775 
966  0.010202 -1.9869 0.93087 0.0042298 0.026006 
967  0.013803 -1.8540 0.77944 0.011637 0.026328 
968  0.010202 -1.9869 0.93087 -0.0088595 0.025678 
969  0.0094019 -2.0227 0.94621 -0.0035922 0.025773 
970  0.0092018 -2.0321 0.94945 0.0035786 0.025935 
971  0.015403 -1.8057 0.68624 -0.0077555 0.025744 
972  0.0074015 -2.1275 0.96463 -0.0050846 0.025727 
973  0.0092018 -2.0321 0.94945 0.0068896 0.026068 
974  0.011602 -1.9304 0.88485 -0.012128 0.025624 
975  0.0084017 -2.0720 0.95805 -0.0015383 0.025776 
976  0.0076015 -2.1158 0.96358 -0.0016845 0.025793 
977  0.0062012 -2.2048 0.96838 0.0021013 0.025891 
978  0.0080016 -2.0933 0.96139 -0.0013951 0.025800 
979  0.0096019 -2.0135 0.94308 -0.0078830 0.025698 
980  0.011402 -1.9380 0.89499 -0.0088381 0.025661 
981  0.0094019 -2.0227 0.94621 -0.0052077 0.025718 
982  0.0064013 -2.1909 0.96808 -9.8777e-05 0.025801 
983  0.0096019 -2.0135 0.94308 -0.0026262 0.025768 
984  0.0076015 -2.1158 0.96358 -0.00071306 0.025798 
985  0.0090018 -2.0417 0.95237 0.0052420 0.026008 
986  0.010402 -1.9783 0.92503 -0.0057509 0.025710 
987  0.0076015 -2.1158 0.96358 0.0014205 0.025878 
988  0.011802 -1.9229 0.87669 -0.010835 0.025648 
989  0.011402 -1.9380 0.89499 -0.0096504 0.025661 
990  0.0084017 -2.0720 0.95805 0.0011008 0.025873 
991  0.011202 -1.9458 0.90281 -0.0065648 0.025700 
992  0.011002 -1.9537 0.90989 -0.0062009 0.025712 
993  0.011802 -1.9229 0.87669 0.0078075 0.026127 
994  0.0092018 -2.0321 0.94945 -0.0053989 0.025726 
995  0.0072014 -2.1394 0.96578 -0.0014628 0.025802 
996  0.010202 -1.9869 0.93087 0.0054344 0.026019 
997  0.0074015 -2.1275 0.96463 0.00065724 0.025865 
998  0.0096019 -2.0135 0.94308 0.0057142 0.026027 
999  0.011402 -1.9380 0.89499 0.0082084 0.026114 
1000  0.010402 -1.9783 0.92503 -0.0048299 0.025812 
1001  0.0070014 -2.1518 0.96653 0.00076309 0.025817 
1002  0.0092018 -2.0321 0.94945 -0.0025680 0.025783 
1003  0.0092018 -2.0321 0.94945 0.0060699 0.026042 
1004  0.017403 -1.7517 0.61858 -0.014277 0.025601 
1005  0.13883 -0.79261 0.15784 0.18304 0.034477 
1006  0.0082016 -2.0825 0.95989 0.0017352 0.025945 
1007  0.0058012 -2.2340 0.96879 -0.0012756 0.025792 
1008  0.0068014 -2.1644 0.96728 -0.0020560 0.025763 
1009  0.0092018 -2.0321 0.94945 -0.0042821 0.025759 
1010  0.0078016 -2.1044 0.96250 -0.00098128 0.025809 
1011  0.011402 -1.9380 0.89499 -0.011475 0.025625 
1012  0.0072014 -2.1394 0.96578 0.0038702 0.025952 
1013  0.0084017 -2.0720 0.95805 -0.0031668 0.025761 
1014  0.010602 -1.9700 0.92031 -0.0066359 0.025697 
1015  0.0072014 -2.1394 0.96578 -0.0012281 0.025790 
1016  0.0060012 -2.2191 0.96860 0.0024446 0.025890 
1017  0.0084017 -2.0720 0.95805 -0.0013670 0.025796 
1018  0.0060012 -2.2191 0.96860 -0.0015962 0.025772 
1019  0.0074015 -2.1275 0.96463 -0.0015202 0.025787 
1020  0.0092018 -2.0321 0.94945 0.00032137 0.025848 
1021  0.010602 -1.9700 0.92031 0.0070885 0.026091 
1022  0.0082016 -2.0825 0.95989 3.0703e-05 0.025864 
1023  0.0094019 -2.0227 0.94621 -0.0028607 0.025768 
1024  0.015403 -1.8057 0.68624 0.017144 0.026635 
1025  0.011802 -1.9229 0.87669 0.0069816 0.026101 
1026  0.011602 -1.9304 0.88485 -0.0081049 0.025687 
1027  0.0088018 -2.0516 0.95427 -0.0023714 0.025789 
1028  0.0076015 -2.1158 0.96358 -0.0048279 0.025709 
1029  0.0072014 -2.1394 0.96578 -0.00011509 0.025821 
1030  0.0092018 -2.0321 0.94945 -0.0012813 0.025842 
1031  0.0084017 -2.0720 0.95805 -0.0023598 0.025760 
1032  0.0098020 -2.0044 0.93937 -0.0054639 0.025714 
1033  0.0068014 -2.1644 0.96728 -0.00059242 0.025805 
1034  0.0082016 -2.0825 0.95989 -0.0029282 0.025764 
1035  0.0074015 -2.1275 0.96463 0.0027345 0.025896 
1036  0.0084017 -2.0720 0.95805 -0.0049490 0.025737 
1037  0.012803 -1.8871 0.82868 -0.0093903 0.025658 
1038  0.014003 -1.8477 0.76714 0.011781 0.026312 
1039  0.0072014 -2.1394 0.96578 -0.00021992 0.025830 
1040  0.0068014 -2.1644 0.96728 0.0015930 0.025887 
1041  0.0072014 -2.1394 0.96578 0.0015625 0.025860 
1042  0.0094019 -2.0227 0.94621 -0.0052046 0.025737 
1043  0.0084017 -2.0720 0.95805 -0.0036050 0.025747 
1044  0.0060012 -2.2191 0.96860 0.00076148 0.025832 
1045  0.0088018 -2.0516 0.95427 -0.0054666 0.025705 
1046  0.0072014 -2.1394 0.96578 -0.0022635 0.025782 
1047  0.056811 -1.2202 0.28954 0.072140 0.029270 
1048  0.011402 -1.9380 0.89499 0.0079049 0.026189 
1049  0.010002 -1.9955 0.93541 -0.0050545 0.025720 
1050  0.011002 -1.9537 0.90989 -0.0041852 0.025792 
1051  0.0088018 -2.0516 0.95427 -0.0020363 0.025794 
1052  0.011202 -1.9458 0.90281 -0.0037588 0.025783 
1053  0.0090018 -2.0417 0.95237 -0.0061074 0.025704 
1054  0.010002 -1.9955 0.93541 -0.0097990 0.025644 
1055  0.0098020 -2.0044 0.93937 -0.0036299 0.025774 
1056  0.013803 -1.8540 0.77944 -0.013539 0.025612 
1057  0.0084017 -2.0720 0.95805 -0.0022526 0.025766 
1058  0.0080016 -2.0933 0.96139 0.0032496 0.025935 
1059  0.0064013 -2.1909 0.96808 0.0033129 0.025917 
1060  0.0086017 -2.0617 0.95573 -0.0021703 0.025774 
1061  0.0074015 -2.1275 0.96463 0.0013611 0.025848 
1062  0.049610 -1.2823 0.31187 0.059726 0.028624 
1063  0.012603 -1.8940 0.83798 -0.0090445 0.025651 
1064  0.0076015 -2.1158 0.96358 0.0031207 0.025902 
1065  0.0066013 -2.1775 0.96778 -0.00063144 0.025805 
1066  0.0086017 -2.0617 0.95573 -0.0015429 0.025801 
1067  0.0092018 -2.0321 0.94945 -0.0015664 0.025804 
1068  0.047209 -1.3050 0.32255 0.073856 0.030027 
1069  0.0074015 -2.1275 0.96463 -0.0021399 0.025781 
1070  0.0098020 -2.0044 0.93937 -0.0045672 0.025726 
1071  0.012603 -1.8940 0.83798 0.0099384 0.026215 
1072  0.010202 -1.9869 0.93087 -0.0039516 0.025770 
1073  0.0082016 -2.0825 0.95989 0.0025159 0.025923 
1074  0.011002 -1.9537 0.90989 0.0084622 0.026155 
1075  0.010402 -1.9783 0.92503 -0.0080534 0.025670 
1076  0.016803 -1.7672 0.64038 0.011838 0.026262 
1077  0.017403 -1.7517 0.61858 0.016916 0.026621 
1078  0.0090018 -2.0417 0.95237 -0.0069492 0.025689 
1079  0.0084017 -2.0720 0.95805 -0.0023002 0.025792 
1080  0.0064013 -2.1909 0.96808 0.00055198 0.025823 
1081  0.0094019 -2.0227 0.94621 -0.0015909 0.025819 
1082  0.010002 -1.9955 0.93541 -0.0055649 0.025706 
1083  0.014203 -1.8414 0.75196 -0.011148 0.025635 
1084  0.0094019 -2.0227 0.94621 0.0014816 0.025913 
1085  0.0080016 -2.0933 0.96139 -0.00089319 0.025805 
1086  0.0070014 -2.1518 0.96653 1.7057e-05 0.025810 
1087  0.0068014 -2.1644 0.96728 0.0024102 0.025893 
1088  0.011802 -1.9229 0.87669 0.0082067 0.026105 
1089  0.0082016 -2.0825 0.95989 -0.0027775 0.025751 
1090  0.0072014 -2.1394 0.96578 -0.0031369 0.025746 
1091  0.86917 0.82241 0.012750 1.2132 0.085648 
1092  0.015403 -1.8057 0.68624 0.0096679 0.026214 
1093  0.0074015 -2.1275 0.96463 0.00028137 0.025814 
1094  0.010402 -1.9783 0.92503 -0.0031655 0.025758 
1095  0.010602 -1.9700 0.92031 -0.0055778 0.025721 
1096  0.010002 -1.9955 0.93541 -0.0034185 0.025788 
1097  0.0084017 -2.0720 0.95805 -0.00011781 0.025833 
1098  0.012202 -1.9082 0.85627 -0.0047314 0.025731 
1099  0.0078016 -2.1044 0.96250 0.0028714 0.025930 
1100  0.0086017 -2.0617 0.95573 -0.0049542 0.025721 
1101  0.0086017 -2.0617 0.95573 0.0015539 0.025874 
1102  0.0062012 -2.2048 0.96838 -0.0017574 0.025779 
1103  0.0088018 -2.0516 0.95427 -0.0026135 0.025753 
1104  0.0074015 -2.1275 0.96463 -4.6840e-05 0.025831 
1105  0.0080016 -2.0933 0.96139 -0.0012194 0.025797 
1106  0.0076015 -2.1158 0.96358 -0.0015997 0.025766 
1107  0.023405 -1.6204 0.52816 0.018971 0.026561 
1108  0.0072014 -2.1394 0.96578 -0.0053893 0.025709 
1109  0.0082016 -2.0825 0.95989 -0.0034236 0.025746 
1110  0.012002 -1.9155 0.86891 -0.0087159 0.025676 
1111  0.010802 -1.9618 0.91553 -0.0069387 0.025700 
1112  0.0074015 -2.1275 0.96463 -0.00057958 0.025807 
1113  0.0096019 -2.0135 0.94308 -0.0010830 0.025809 
1114  0.0072014 -2.1394 0.96578 0.0015397 0.025891 
1115  0.0094019 -2.0227 0.94621 -0.0039411 0.025744 
1116  0.0084017 -2.0720 0.95805 -0.0036283 0.025730 
1117  0.011202 -1.9458 0.90281 -0.0071691 0.025700 
1118  0.010602 -1.9700 0.92031 0.0044995 0.025969 
1119  0.010402 -1.9783 0.92503 -0.0054574 0.025730 
1120  0.0090018 -2.0417 0.95237 -0.0058564 0.025700 
1121  0.015403 -1.8057 0.68624 0.011563 0.026285 
1122  0.010002 -1.9955 0.93541 -0.0068129 0.025704 
1123  0.011002 -1.9537 0.90989 -0.0056141 0.025723 
1124  0.010402 -1.9783 0.92503 -0.0086594 0.025667 
1125  0.0090018 -2.0417 0.95237 -0.0027204 0.025777 
1126  0.010202 -1.9869 0.93087 -0.0067658 0.025730 
1127  0.016203 -1.7833 0.64329 -0.015194 0.025567 
1128  0.0088018 -2.0516 0.95427 0.00055054 0.025863 
1129  0.030006 -1.5096 0.44382 0.035740 0.027658 
1130  0.0062012 -2.2048 0.96838 -0.0016350 0.025773 
1131  0.013403 -1.8669 0.79506 -0.0097383 0.025658 
1132  0.0096019 -2.0135 0.94308 -0.0047748 0.025722 
1133  0.010802 -1.9618 0.91553 -0.0071959 0.025694 
1134  0.0080016 -2.0933 0.96139 -0.0015995 0.025799 
1135  0.0072014 -2.1394 0.96578 -0.0022238 0.025759 
1136  0.010002 -1.9955 0.93541 -0.0047341 0.025742 
1137  0.010402 -1.9783 0.92503 -0.0067444 0.025685 
1138  0.0074015 -2.1275 0.96463 -0.0040161 0.025764 
1139  0.0080016 -2.0933 0.96139 -0.0035466 0.025739 
1140  0.010202 -1.9869 0.93087 -9.1917e-05 0.025842 
1141  0.0098020 -2.0044 0.93937 0.0071168 0.026093 
1142  0.0090018 -2.0417 0.95237 0.0013550 0.025907 
1143  0.0068014 -2.1644 0.96728 0.0016309 0.025854 
1144  0.0088018 -2.0516 0.95427 -0.0026937 0.025746 
1145  0.0090018 -2.0417 0.95237 0.0035758 0.025913 
1146  0.0092018 -2.0321 0.94945 -0.0056757 0.025714 
1147  0.0086017 -2.0617 0.95573 0.0029000 0.025902 
1148  0.015803 -1.7943 0.65979 0.013406 0.026374 
1149  0.0080016 -2.0933 0.96139 -0.0028889 0.025774 
1150  0.0082016 -2.0825 0.95989 -0.0033781 0.025751 
1151  0.0096019 -2.0135 0.94308 -0.0036431 0.025757 
1152  0.011602 -1.9304 0.88485 -0.0015471 0.025858 
1153  0.0098020 -2.0044 0.93937 -0.0048195 0.025722 
1154  0.0086017 -2.0617 0.95573 -0.0029623 0.025752 
1155  0.0076015 -2.1158 0.96358 -0.00078046 0.025800 
1156  0.0070014 -2.1518 0.96653 -0.0040595 0.025731 
1157  0.010202 -1.9869 0.93087 -0.0033671 0.025786 
1158  0.013203 -1.8736 0.80534 0.0097179 0.026261 
1159  0.0072014 -2.1394 0.96578 -0.00025580 0.025806 
1160  0.0084017 -2.0720 0.95805 -0.0033519 0.025746 
1161  0.010602 -1.9700 0.92031 -0.0070538 0.025686 
1162  0.0090018 -2.0417 0.95237 -0.0024967 0.025767 
1163  0.0070014 -2.1518 0.96653 -0.00019740 0.025826 
1164  0.0066013 -2.1775 0.96778 -0.0029110 0.025748 
1165  0.0078016 -2.1044 0.96250 -0.00064399 0.025799 
1166  0.010202 -1.9869 0.93087 -0.0079467 0.025689 
1167  0.0092018 -2.0321 0.94945 -0.0042508 0.025726 
1168  0.011802 -1.9229 0.87669 -0.0097318 0.025658 
1169  0.0072014 -2.1394 0.96578 7.8803e-05 0.025819 
1170  0.011402 -1.9380 0.89499 -0.0033000 0.025772 
1171  0.013403 -1.8669 0.79506 0.011705 0.026291 
1172  0.0066013 -2.1775 0.96778 -0.00093449 0.025809 
1173  0.012803 -1.8871 0.82868 -0.0069968 0.025691 
1174  0.0092018 -2.0321 0.94945 -0.0038462 0.025752 
1175  0.0086017 -2.0617 0.95573 -0.0013905 0.025796 
1176  0.014003 -1.8477 0.76714 0.011413 0.026275 
1177  0.0090018 -2.0417 0.95237 -0.0013285 0.025814 
1178  0.0060012 -2.2191 0.96860 -0.0027702 0.025740 
1179  0.0080016 -2.0933 0.96139 -0.0038724 0.025732 
1180  0.0082016 -2.0825 0.95989 -0.00069044 0.025828 
1181  0.0092018 -2.0321 0.94945 -0.0035290 0.025764 
1182  0.0084017 -2.0720 0.95805 -0.0047657 0.025712 
1183  0.010402 -1.9783 0.92503 -0.0068741 0.025693 
1184  0.0074015 -2.1275 0.96463 -0.0015028 0.025779 
1185  0.0082016 -2.0825 0.95989 -0.0029450 0.025756 
1186  0.0076015 -2.1158 0.96358 -0.0013691 0.025775 
1187  0.0084017 -2.0720 0.95805 -0.0046127 0.025724 
1188  0.0074015 -2.1275 0.96463 -0.0019879 0.025791 
1189  0.0084017 -2.0720 0.95805 0.00042565 0.025825 
1190  0.0076015 -2.1158 0.96358 -0.0013084 0.025783 
1191  0.013403 -1.8669 0.79506 0.0089472 0.026240 
1192  0.014003 -1.8477 0.76714 -0.0093942 0.025705 
1193  0.0078016 -2.1044 0.96250 -0.0057809 0.025710 
1194  0.011202 -1.9458 0.90281 -0.00048010 0.025862 
1195  0.0068014 -2.1644 0.96728 -0.0040378 0.025718 
1196  0.0090018 -2.0417 0.95237 -0.0051887 0.025722 
1197  0.0078016 -2.1044 0.96250 -0.00030366 0.025814 
1198  0.0070014 -2.1518 0.96653 -0.0026242 0.025750 
1199  0.0074015 -2.1275 0.96463 0.0020965 0.025873 
1200  0.0096019 -2.0135 0.94308 -0.0043965 0.025744 
1201  0.0076015 -2.1158 0.96358 -0.00056124 0.025802 
1202  0.012803 -1.8871 0.82868 -0.0079611 0.025682 
1203  0.0090018 -2.0417 0.95237 0.0027736 0.025918 
1204  0.0070014 -2.1518 0.96653 -0.0034666 0.025746 
1205  0.010202 -1.9869 0.93087 0.0044001 0.025996 
1206  0.0094019 -2.0227 0.94621 -0.0061144 0.025707 
1207  0.99740 2.5838 0.00062870 1.7998 0.12949 
1208  0.010202 -1.9869 0.93087 -0.0062153 0.025705 
1209  0.010802 -1.9618 0.91553 0.0067360 0.026061 
1210  1.0000 1000.0 0.0000 2.5541 0.21191 
1211  0.026205 -1.5701 0.50119 0.026260 0.026952 
1212  0.010002 -1.9955 0.93541 -0.0018944 0.025781 
1213  1.0000 1000.0 0.0000 1.8935 0.13701 
1214  0.0086017 -2.0617 0.95573 0.0022568 0.025910 
1215  0.026805 -1.5600 0.47726 0.027377 0.027052 
1216  0.0092018 -2.0321 0.94945 0.0056072 0.026025 
1217  0.89638 0.93705 0.0091715 1.3726 0.096876 
1218  0.0070014 -2.1518 0.96653 0.00060967 0.025839 
1219  0.015803 -1.7943 0.65979 0.0081102 0.026112 
1220  0.0060012 -2.2191 0.96860 -0.00019243 0.025821 
1221  0.014003 -1.8477 0.76714 0.012602 0.026409 
1222  0.0064013 -2.1909 0.96808 0.00079393 0.025825 
1223  1.0000 1000.0 0.0000 2.1071 0.15951 
1224  1.0000 1000.0 0.0000 2.0173 0.14905 
1225  0.0088018 -2.0516 0.95427 0.0026641 0.025936 
1226  0.011602 -1.9304 0.88485 0.0058785 0.026004 
1227  0.013003 -1.8803 0.81602 0.010046 0.026270 
1228  0.010602 -1.9700 0.92031 0.0077355 0.026143 
1229  0.0092018 -2.0321 0.94945 0.0049237 0.026046 
1230  0.010402 -1.9783 0.92503 -0.0053095 0.025729 
1231  0.0068014 -2.1644 0.96728 6.2492e-06 0.025825 
1232  0.0094019 -2.0227 0.94621 0.0020347 0.025915 
1233  0.0072014 -2.1394 0.96578 -0.0044788 0.025733 
1234  0.99860 2.8532 0.00028701 1.8100 0.13021 
1235  0.0090018 -2.0417 0.95237 -0.00096939 0.025799 
1236  0.99960 3.3977 3.5301e-05 1.6791 0.11739 
1237  0.011402 -1.9380 0.89499 0.0068329 0.026087 
1238  0.0084017 -2.0720 0.95805 -0.0015085 0.025794 
1239  0.11242 -0.89735 0.20116 0.13412 0.031806 
1240  0.48230 -0.030767 0.057261 0.63874 0.056038 
1241  0.0094019 -2.0227 0.94621 -0.0056976 0.025700 
1242  0.0092018 -2.0321 0.94945 -0.0070978 0.025700 
1243  0.0098020 -2.0044 0.93937 -0.0028930 0.025780 
1244  0.010002 -1.9955 0.93541 -0.0025991 0.025769 
1245  0.010002 -1.9955 0.93541 -0.0036379 0.025752 
1246  0.0068014 -2.1644 0.96728 -0.0031795 0.025762 
1247  0.0080016 -2.0933 0.96139 -0.0024092 0.025765 
1248  0.019204 -1.7082 0.59009 0.018922 0.026650 
1249  0.011202 -1.9458 0.90281 -0.0078617 0.025670 
1250  0.014803 -1.8232 0.71433 0.0095011 0.026193 
1251  0.0068014 -2.1644 0.96728 -0.0023725 0.025758 
1252  0.0074015 -2.1275 0.96463 -0.0015808 0.025788 
1253  0.0070014 -2.1518 0.96653 0.00080719 0.025829 
1254  0.011602 -1.9304 0.88485 0.0079735 0.026178 
1255  0.010602 -1.9700 0.92031 -0.0032039 0.025787 
1256  0.0070014 -2.1518 0.96653 -0.0020127 0.025764 
1257  0.0088018 -2.0516 0.95427 0.0011721 0.025864 
1258  0.0094019 -2.0227 0.94621 -0.0020285 0.025828 
1259  0.011002 -1.9537 0.90989 0.0021189 0.025937 
1260  0.0068014 -2.1644 0.96728 0.00029063 0.025832 
1261  0.0072014 -2.1394 0.96578 0.0010259 0.025843 
1262  0.010602 -1.9700 0.92031 -0.0072783 0.025699 
1263  0.0096019 -2.0135 0.94308 -0.0051563 0.025723 
1264  0.0076015 -2.1158 0.96358 -0.00062219 0.025809 
1265  0.0096019 -2.0135 0.94308 -0.0029801 0.025758 
1266  0.011802 -1.9229 0.87669 -0.0083188 0.025679 
1267  0.0068014 -2.1644 0.96728 -0.0020296 0.025761 
1268  0.0088018 -2.0516 0.95427 -0.0025604 0.025768 
1269  0.011602 -1.9304 0.88485 -0.0068388 0.025737 
1270  0.0064013 -2.1909 0.96808 -0.0010456 0.025792 
1271  0.0066013 -2.1775 0.96778 -0.00010280 0.025822 
1272  0.012002 -1.9155 0.86891 -0.0071381 0.025736 
1273  0.0062012 -2.2048 0.96838 0.0017210 0.025855 
1274  0.0044009 -2.3545 0.96925 0.00044457 0.025825 
1275  0.0098020 -2.0044 0.93937 -0.0022464 0.025771 
1276  0.011402 -1.9380 0.89499 -0.0038203 0.025741 
1277  0.014203 -1.8414 0.75196 0.012084 0.026286 
1278  0.0058012 -2.2340 0.96879 0.00019489 0.025823 
1279  0.0082016 -2.0825 0.95989 -0.0035588 0.025755 
1280  0.0098020 -2.0044 0.93937 -0.0049308 0.025721 
1281  0.0088018 -2.0516 0.95427 -0.0043180 0.025723 
1282  0.013603 -1.8604 0.78657 -0.0084617 0.025699 
1283  0.0082016 -2.0825 0.95989 0.0028053 0.025889 
1284  0.016803 -1.7672 0.64038 0.013039 0.026318 
1285  0.0084017 -2.0720 0.95805 -0.0017338 0.025799 
1286  0.010202 -1.9869 0.93087 -0.0090419 0.025676 
1287  0.0080016 -2.0933 0.96139 -0.0016903 0.025782 
1288  0.010002 -1.9955 0.93541 -0.0058233 0.025702 
1289  0.0078016 -2.1044 0.96250 -1.9496e-05 0.025833 
1290  0.0054011 -2.2652 0.96906 0.0016284 0.025856 
1291  0.010202 -1.9869 0.93087 -0.0051164 0.025733 
1292  0.0072014 -2.1394 0.96578 -0.00038578 0.025796 
1293  0.0092018 -2.0321 0.94945 -0.0023207 0.025792 
1294  0.0070014 -2.1518 0.96653 0.0037442 0.025951 
1295  0.010202 -1.9869 0.93087 -0.0042331 0.025735 
1296  0.0056011 -2.2493 0.96893 -0.00056922 0.025782 
1297  0.010402 -1.9783 0.92503 -0.0066720 0.025697 
1298  0.0092018 -2.0321 0.94945 0.0040312 0.025960 
1299  0.012002 -1.9155 0.86891 -0.0084930 0.025708 
1300  0.0082016 -2.0825 0.95989 0.0016555 0.025879 
1301  0.011002 -1.9537 0.90989 -0.0050699 0.025738 
1302  0.0088018 -2.0516 0.95427 -0.0029540 0.025772 
1303  0.0078016 -2.1044 0.96250 -0.0054325 0.025705 
1304  0.0054011 -2.2652 0.96906 4.8684e-05 0.025812 
1305  0.0064013 -2.1909 0.96808 -0.0045105 0.025715 
1306  0.0086017 -2.0617 0.95573 -0.0023182 0.025771 
1307  0.0072014 -2.1394 0.96578 -0.00099304 0.025797 
1308  0.013403 -1.8669 0.79506 -0.0098192 0.025663 
1309  0.0084017 -2.0720 0.95805 -0.0035876 0.025752 
1310  0.0092018 -2.0321 0.94945 -0.0045979 0.025732 
1311  0.0088018 -2.0516 0.95427 -0.0051422 0.025719 
1312  0.0098020 -2.0044 0.93937 0.0054717 0.026002 
1313  0.0094019 -2.0227 0.94621 -0.0059450 0.025707 
1314  0.012202 -1.9082 0.85627 -0.0072702 0.025687 
1315  0.0084017 -2.0720 0.95805 -0.0051425 0.025706 
1316  0.0094019 -2.0227 0.94621 0.0017278 0.025881 
1317  0.0090018 -2.0417 0.95237 -0.0028905 0.025787 
1318  0.0090018 -2.0417 0.95237 -0.0016491 0.025837 
1319  0.0084017 -2.0720 0.95805 0.0011455 0.025865 
1320  0.0070014 -2.1518 0.96653 -0.0020705 0.025781 
1321  0.0080016 -2.0933 0.96139 0.0016980 0.025888 
1322  0.013603 -1.8604 0.78657 -0.0097793 0.025652 
1323  0.0074015 -2.1275 0.96463 -0.00050632 0.025795 
1324  0.011002 -1.9537 0.90989 -0.0077962 0.025679 
1325  0.0098020 -2.0044 0.93937 -0.0037398 0.025744 
1326  0.0092018 -2.0321 0.94945 -0.0033332 0.025770 
1327  0.91958 1.0582 0.0062200 1.4856 0.10586 
1328  0.028806 -1.5278 0.45770 0.031649 0.027260 
1329  0.021204 -1.6643 0.55234 0.022333 0.026819 
1330  0.98580 1.8414 0.0013869 1.5788 0.11003 
1331  0.010602 -1.9700 0.92031 -0.0084635 0.025664 
1332  0.0054011 -2.2652 0.96906 0.00051196 0.025830 
1333  0.016003 -1.7888 0.64897 0.012083 0.026332 
1334  0.0096019 -2.0135 0.94308 -0.0080803 0.025666 
1335  0.0090018 -2.0417 0.95237 0.0022632 0.025923 
1336  0.0084017 -2.0720 0.95805 0.0036406 0.025924 
1337  0.010002 -1.9955 0.93541 -0.0064199 0.025712 
1338  0.0082016 -2.0825 0.95989 8.2688e-05 0.025818 
1339  0.0088018 -2.0516 0.95427 -0.0036333 0.025750 
1340  0.0090018 -2.0417 0.95237 -0.0029346 0.025748 
1341  0.0094019 -2.0227 0.94621 -0.0016030 0.025789 
1342  0.0098020 -2.0044 0.93937 -0.0074646 0.025689 
1343  0.0086017 -2.0617 0.95573 -0.0042593 0.025726 
1344  0.0096019 -2.0135 0.94308 -0.0070377 0.025693 
1345  0.0090018 -2.0417 0.95237 0.0027896 0.025928 
1346  0.010002 -1.9955 0.93541 0.0024896 0.025959 
1347  0.0094019 -2.0227 0.94621 -0.0070088 0.025682 
1348  0.0076015 -2.1158 0.96358 -0.0027417 0.025763 
1349  0.0078016 -2.1044 0.96250 0.00017075 0.025832 
1350  0.0082016 -2.0825 0.95989 -0.0021129 0.025762 
1351  0.010602 -1.9700 0.92031 -0.0041836 0.025738 
1352  0.0086017 -2.0617 0.95573 -0.0041776 0.025722 
1353  0.0084017 -2.0720 0.95805 0.0042239 0.025953 
1354  0.0098020 -2.0044 0.93937 -0.0057368 0.025719 
1355  0.010802 -1.9618 0.91553 0.0086255 0.026192 
1356  0.0068014 -2.1644 0.96728 -0.0016796 0.025770 
1357  0.0082016 -2.0825 0.95989 -0.0013250 0.025778 
1358  0.026405 -1.5667 0.48346 0.027586 0.027041 
1359  0.033207 -1.4641 0.42163 0.032184 0.027175 
1360  0.010602 -1.9700 0.92031 -0.010507 0.025642 
1361  0.010202 -1.9869 0.93087 0.0017864 0.025952 
1362  0.0086017 -2.0617 0.95573 -0.0032648 0.025752 
1363  0.011802 -1.9229 0.87669 0.0088175 0.026153 
1364  0.0094019 -2.0227 0.94621 0.0029281 0.025914 
1365  0.012002 -1.9155 0.86891 -0.010872 0.025633 
1366  0.0080016 -2.0933 0.96139 0.00029179 0.025847 
1367  0.0098020 -2.0044 0.93937 -0.0013717 0.025797 
1368  0.012002 -1.9155 0.86891 -0.0073241 0.025680 
1369  0.0088018 -2.0516 0.95427 -0.0038458 0.025741 
1370  0.0068014 -2.1644 0.96728 -0.0019650 0.025758 
1371  0.0084017 -2.0720 0.95805 -0.0015273 0.025788 
1372  0.011602 -1.9304 0.88485 -0.0070014 0.025688 
1373  0.010402 -1.9783 0.92503 -0.0064127 0.025697 
1374  0.0082016 -2.0825 0.95989 -0.0038773 0.025742 
1375  0.011202 -1.9458 0.90281 0.0069087 0.026073 
1376  0.0074015 -2.1275 0.96463 -0.0020843 0.025775 
1377  0.0098020 -2.0044 0.93937 -0.0062009 0.025692 
1378  0.0074015 -2.1275 0.96463 0.00083538 0.025856 
1379  0.0074015 -2.1275 0.96463 0.0027897 0.025902 
1380  0.0092018 -2.0321 0.94945 -0.0016691 0.025783 
1381  0.0070014 -2.1518 0.96653 -0.00062453 0.025808 
1382  0.0082016 -2.0825 0.95989 0.0014453 0.025862 
1383  0.013203 -1.8736 0.80534 0.010430 0.026256 
1384  0.011402 -1.9380 0.89499 0.00040983 0.025866 
1385  0.010602 -1.9700 0.92031 -0.0042944 0.025744 
1386  0.0092018 -2.0321 0.94945 -0.0049678 0.025724 
1387  0.0098020 -2.0044 0.93937 0.0021625 0.025909 
1388  0.0064013 -2.1909 0.96808 0.0026330 0.025888 
1389  0.0072014 -2.1394 0.96578 -0.0018159 0.025776 
1390  0.0094019 -2.0227 0.94621 -0.0083111 0.025686 
1391  0.0080016 -2.0933 0.96139 -0.0039052 0.025747 
1392  0.0054011 -2.2652 0.96906 0.00018787 0.025803 
1393  0.0098020 -2.0044 0.93937 -0.0065853 0.025688 
1394  0.011002 -1.9537 0.90989 0.0065702 0.026035 
1395  0.0096019 -2.0135 0.94308 0.0047008 0.025990 
1396  0.0092018 -2.0321 0.94945 0.00086464 0.025847 
1397  0.0078016 -2.1044 0.96250 -0.0043304 0.025743 
1398  0.0070014 -2.1518 0.96653 -0.00076447 0.025782 
1399  0.0084017 -2.0720 0.95805 -0.0035081 0.025764 
1400  0.0082016 -2.0825 0.95989 0.0015899 0.025862 
1401  0.010802 -1.9618 0.91553 -0.0044968 0.025753 
1402  0.0094019 -2.0227 0.94621 -0.0017675 0.025794 
1403  0.0078016 -2.1044 0.96250 -0.00066526 0.025808 
1404  0.0096019 -2.0135 0.94308 -0.0019458 0.025773 
1405  0.99880 2.9202 0.00023641 1.5760 0.10878 
1406  0.0062012 -2.2048 0.96838 -0.00072508 0.025805 
1407  0.042008 -1.3580 0.35274 0.050066 0.028231 
1408  0.0092018 -2.0321 0.94945 0.0065383 0.026080 
1409  0.012803 -1.8871 0.82868 -0.0090014 0.025665 
1410  0.0090018 -2.0417 0.95237 -0.0030456 0.025750 
1411  0.0082016 -2.0825 0.95989 0.0025976 0.025909 
1412  0.0074015 -2.1275 0.96463 -0.00071745 0.025794 
1413  0.012402 -1.9011 0.84626 -0.0065950 0.025694 
1414  0.0052010 -2.2816 0.96916 0.00040745 0.025837 
1415  0.012402 -1.9011 0.84626 0.0098817 0.026196 
1416  0.019804 -1.6946 0.57415 0.020071 0.026823 
1417  0.0098020 -2.0044 0.93937 0.0044837 0.025967 
1418  0.0066013 -2.1775 0.96778 0.0028563 0.025922 
1419  0.0094019 -2.0227 0.94621 -0.0045293 0.025754 
1420  0.010202 -1.9869 0.93087 -0.0073153 0.025698 
1421  0.0080016 -2.0933 0.96139 0.0014952 0.025862 
1422  0.0056011 -2.2493 0.96893 -0.0010671 0.025802 
1423  0.011202 -1.9458 0.90281 -0.0038437 0.025748 
1424  0.0072014 -2.1394 0.96578 -0.0030097 0.025747 
1425  0.0082016 -2.0825 0.95989 -0.0032757 0.025763 
1426  0.0096019 -2.0135 0.94308 -0.0050102 0.025730 
1427  0.0088018 -2.0516 0.95427 0.0046446 0.025975 
1428  0.0052010 -2.2816 0.96916 0.00054591 0.025817 
1429  0.0088018 -2.0516 0.95427 -0.0034903 0.025748 
1430  0.0058012 -2.2340 0.96879 -0.0027350 0.025745 
1431  0.0070014 -2.1518 0.96653 -0.0016346 0.025778 
1432  0.0070014 -2.1518 0.96653 -0.00089438 0.025776 
1433  0.0064013 -2.1909 0.96808 -0.0013007 0.025788 
1434  0.0074015 -2.1275 0.96463 -0.0021538 0.025764 
1435  0.0096019 -2.0135 0.94308 -0.0059458 0.025708 
1436  0.0074015 -2.1275 0.96463 -0.0015589 0.025784 
1437  0.0086017 -2.0617 0.95573 -0.0033905 0.025742 
1438  0.015603 -1.8000 0.67237 -0.013107 0.025628 
1439  0.0080016 -2.0933 0.96139 0.00063302 0.025817 
1440  0.0062012 -2.2048 0.96838 -0.00066534 0.025804 
1441  0.0094019 -2.0227 0.94621 0.0044428 0.025941 
1442  0.013803 -1.8540 0.77944 -0.0091957 0.025658 
1443  0.012002 -1.9155 0.86891 -0.0091508 0.025662 
1444  0.012603 -1.8940 0.83798 -0.0082054 0.025682 
1445  0.010802 -1.9618 0.91553 -0.0053373 0.025763 
1446  0.014403 -1.8353 0.74210 -0.012555 0.025610 
1447  0.0098020 -2.0044 0.93937 0.0032547 0.025949 
1448  0.0082016 -2.0825 0.95989 0.00016048 0.025839 
1449  0.010402 -1.9783 0.92503 0.0032212 0.025928 
1450  0.0056011 -2.2493 0.96893 0.0014882 0.025839 
1451  0.0094019 -2.0227 0.94621 -0.0060776 0.025704 
1452  0.0092018 -2.0321 0.94945 -0.0056370 0.025708 
1453  0.0074015 -2.1275 0.96463 6.2157e-05 0.025831 
1454  0.011602 -1.9304 0.88485 -0.0047634 0.025738 
1455  0.0070014 -2.1518 0.96653 -0.0020443 0.025764 
1456  0.011202 -1.9458 0.90281 0.0070686 0.026071 
1457  0.0096019 -2.0135 0.94308 0.0023687 0.025933 
1458  0.0082016 -2.0825 0.95989 0.0037661 0.025968 
1459  0.0076015 -2.1158 0.96358 -0.0024355 0.025772 
1460  0.0072014 -2.1394 0.96578 -0.0010230 0.025815 
1461  0.0074015 -2.1275 0.96463 -0.00045623 0.025821 
1462  0.012002 -1.9155 0.86891 -0.0034438 0.025807 
1463  0.010002 -1.9955 0.93541 -0.0053490 0.025732 
1464  0.0058012 -2.2340 0.96879 0.00066503 0.025868 
1465  0.012202 -1.9082 0.85627 -0.0049055 0.025775 
1466  0.010002 -1.9955 0.93541 -0.0080524 0.025687 
1467  0.0084017 -2.0720 0.95805 -0.0012469 0.025801 
1468  0.0090018 -2.0417 0.95237 -0.0053190 0.025739 
1469  0.0084017 -2.0720 0.95805 0.0018564 0.025871 
1470  0.0062012 -2.2048 0.96838 0.00076897 0.025827 
1471  0.012002 -1.9155 0.86891 0.0014315 0.025894 
1472  0.014003 -1.8477 0.76714 -0.010871 0.025640 
1473  0.0068014 -2.1644 0.96728 0.0010135 0.025855 
1474  0.014003 -1.8477 0.76714 -0.011018 0.025644 
1475  0.0078016 -2.1044 0.96250 0.0011543 0.025846 
1476  0.012803 -1.8871 0.82868 0.010155 0.026234 
1477  0.0074015 -2.1275 0.96463 -0.0031095 0.025743 
1478  0.0062012 -2.2048 0.96838 -0.0023865 0.025766 
1479  0.0098020 -2.0044 0.93937 -0.00081439 0.025797 
1480  0.0072014 -2.1394 0.96578 -0.00027387 0.025817 
1481  0.012603 -1.8940 0.83798 0.010897 0.026248 
1482  0.0084017 -2.0720 0.95805 -0.00079713 0.025832 
1483  0.012402 -1.9011 0.84626 -0.0072301 0.025699 
1484  0.012002 -1.9155 0.86891 -0.0089298 0.025680 
1485  0.012002 -1.9155 0.86891 0.0056461 0.026086 
1486  0.0096019 -2.0135 0.94308 -0.0052240 0.025721 
1487  0.0062012 -2.2048 0.96838 -0.0015834 0.025768 
1488  0.012202 -1.9082 0.85627 -0.010804 0.025640 
1489  0.0090018 -2.0417 0.95237 -0.0030069 0.025763 
1490  0.0092018 -2.0321 0.94945 -0.0053699 0.025727 
1491  0.0096019 -2.0135 0.94308 -0.0057860 0.025696 
1492  0.0096019 -2.0135 0.94308 -0.0044109 0.025739 
1493  0.0066013 -2.1775 0.96778 -0.0046143 0.025729 
1494  0.011202 -1.9458 0.90281 -0.0056801 0.025714 
1495  0.010402 -1.9783 0.92503 -0.0072817 0.025689 
1496  0.0060012 -2.2191 0.96860 -0.0022899 0.025760 
1497  0.0080016 -2.0933 0.96139 -0.0029328 0.025740 
1498  0.020204 -1.6857 0.56569 0.016616 0.026531 
1499  0.010602 -1.9700 0.92031 -0.0046845 0.025751 
1500  0.012603 -1.8940 0.83798 -0.0098961 0.025671 
1501  0.0068014 -2.1644 0.96728 0.00028795 0.025817 
1502  0.011402 -1.9380 0.89499 -0.0060888 0.025722 
1503  0.011402 -1.9380 0.89499 -0.0089000 0.025667 
1504  0.0094019 -2.0227 0.94621 0.00019778 0.025849 
1505  0.011202 -1.9458 0.90281 -0.0052979 0.025732 
1506  0.012002 -1.9155 0.86891 -0.0085181 0.025667 
1507  0.0080016 -2.0933 0.96139 -0.0034302 0.025753 
1508  0.0068014 -2.1644 0.96728 -0.0033460 0.025752 
1509  0.0082016 -2.0825 0.95989 -0.0010635 0.025800 
1510  0.0090018 -2.0417 0.95237 -0.0020591 0.025802 
1511  0.0076015 -2.1158 0.96358 -0.00018413 0.025821 
1512  0.0092018 -2.0321 0.94945 -0.0038577 0.025733 
1513  0.0078016 -2.1044 0.96250 -0.00047052 0.025820 
1514  0.0066013 -2.1775 0.96778 -0.0012413 0.025771 
1515  0.010002 -1.9955 0.93541 0.0058751 0.026066 
1516  0.011602 -1.9304 0.88485 -0.0025590 0.025807 
1517  0.0066013 -2.1775 0.96778 0.0025077 0.025903 
1518  0.010402 -1.9783 0.92503 0.0070763 0.026066 
1519  0.0070014 -2.1518 0.96653 -0.00022635 0.025804 
1520  0.0098020 -2.0044 0.93937 -0.0040394 0.025735 
1521  0.013403 -1.8669 0.79506 -0.010538 0.025655 
1522  0.0068014 -2.1644 0.96728 -0.0013527 0.025785 
1523  0.0076015 -2.1158 0.96358 -0.00067842 0.025814 
1524  0.011602 -1.9304 0.88485 -0.0079773 0.025686 
1525  0.0056011 -2.2493 0.96893 7.3529e-05 0.025797 
1526  0.010802 -1.9618 0.91553 0.0090488 0.026248 
1527  0.0068014 -2.1644 0.96728 -0.0025703 0.025743 
1528  0.0096019 -2.0135 0.94308 0.0047930 0.026031 
1529  0.0080016 -2.0933 0.96139 -0.0043246 0.025731 
1530  0.0068014 -2.1644 0.96728 -0.0010913 0.025782 
1531  0.018404 -1.7270 0.60837 0.017459 0.026614 
1532  0.0070014 -2.1518 0.96653 0.0011368 0.025868 
1533  0.066613 -1.1465 0.26577 0.087870 0.030031 
1534  0.018804 -1.7175 0.59761 0.016874 0.026482 
1535  0.014803 -1.8232 0.71433 0.013568 0.026393 
1536  0.012202 -1.9082 0.85627 -0.011227 0.025632 
1537  0.015603 -1.8000 0.67237 0.012260 0.026300 
1538  0.0096019 -2.0135 0.94308 0.0027952 0.025942 
1539  0.017003 -1.7620 0.63136 0.014927 0.026473 
1540  0.0098020 -2.0044 0.93937 0.0089247 0.026175 
1541  0.0088018 -2.0516 0.95427 -0.0033660 0.025762 
1542  0.0062012 -2.2048 0.96838 -0.0025592 0.025742 
1543  0.010202 -1.9869 0.93087 -0.00040127 0.025841 
1544  0.0082016 -2.0825 0.95989 0.00070803 0.025853 
1545  0.045009 -1.3267 0.33292 0.058321 0.028645 
1546  0.011202 -1.9458 0.90281 -0.0023257 0.025818 
1547  0.0072014 -2.1394 0.96578 -0.00075225 0.025784 
1548  0.0084017 -2.0720 0.95805 -0.0014388 0.025789 
1549  0.0070014 -2.1518 0.96653 0.00097142 0.025843 
1550  0.013803 -1.8540 0.77944 -0.010395 0.025659 
1551  0.0096019 -2.0135 0.94308 -0.0061334 0.025704 
1552  0.0092018 -2.0321 0.94945 -0.0058315 0.025703 
1553  0.013203 -1.8736 0.80534 -0.0097314 0.025647 
1554  0.010602 -1.9700 0.92031 -0.0051363 0.025717 
1555  0.011002 -1.9537 0.90989 -0.0049951 0.025737 
1556  0.011002 -1.9537 0.90989 -0.0048366 0.025756 
1557  0.0076015 -2.1158 0.96358 -0.0011415 0.025815 
1558  0.0076015 -2.1158 0.96358 -0.0026448 0.025789 
1559  0.013803 -1.8540 0.77944 -0.010935 0.025660 
1560  0.0064013 -2.1909 0.96808 0.0011840 0.025837 
1561  0.010202 -1.9869 0.93087 -0.0089142 0.025665 
1562  0.011802 -1.9229 0.87669 0.0064164 0.026064 
1563  0.0098020 -2.0044 0.93937 -0.0018246 0.025785 
1564  0.011002 -1.9537 0.90989 0.0015109 0.025909 
1565  0.0036007 -2.4420 0.96929 6.6860e-05 0.025795 
1566  0.0086017 -2.0617 0.95573 -0.0049524 0.025726 
1567  0.0096019 -2.0135 0.94308 -0.0058511 0.025705 
1568  0.0068014 -2.1644 0.96728 -0.0029011 0.025756 
1569  0.0082016 -2.0825 0.95989 -0.0013409 0.025804 
1570  0.0098020 -2.0044 0.93937 -0.00081718 0.025826 
1571  0.0058012 -2.2340 0.96879 -0.00034224 0.025792 
1572  0.010602 -1.9700 0.92031 -0.0051317 0.025714 
1573  0.010202 -1.9869 0.93087 -0.0042943 0.025756 
1574  0.010802 -1.9618 0.91553 -0.0085882 0.025695 
1575  0.012803 -1.8871 0.82868 -0.010880 0.025667 
1576  0.0090018 -2.0417 0.95237 -0.0047848 0.025722 
1577  0.010402 -1.9783 0.92503 -0.0069093 0.025694 
1578  0.0048010 -2.3166 0.96924 -0.00074949 0.025773 
1579  0.0068014 -2.1644 0.96728 0.00062672 0.025844 
1580  0.010202 -1.9869 0.93087 -0.00069423 0.025852 
1581  0.010602 -1.9700 0.92031 -0.0063394 0.025711 
1582  0.0072014 -2.1394 0.96578 -0.00087511 0.025827 
1583  0.0078016 -2.1044 0.96250 0.0015797 0.025858 
1584  0.0080016 -2.0933 0.96139 -0.0034706 0.025753 
1585  0.0082016 -2.0825 0.95989 -0.0013660 0.025779 
1586  0.011002 -1.9537 0.90989 -0.0040196 0.025747 
1587  0.011202 -1.9458 0.90281 -0.0041208 0.025756 
1588  0.011402 -1.9380 0.89499 -0.0081970 0.025672 
1589  0.0082016 -2.0825 0.95989 0.0023788 0.025894 
1590  0.0096019 -2.0135 0.94308 -0.00063810 0.025863 
1591  0.010202 -1.9869 0.93087 -0.0047804 0.025725 
1592  0.0082016 -2.0825 0.95989 0.00055486 0.025835 
1593  0.014803 -1.8232 0.71433 -0.013180 0.025608 
1594  0.013403 -1.8669 0.79506 0.0072288 0.026168 
1595  0.011202 -1.9458 0.90281 -0.0086970 0.025658 
1596  0.011002 -1.9537 0.90989 0.0032797 0.025942 
1597  0.0098020 -2.0044 0.93937 -0.0032778 0.025763 
1598  0.0090018 -2.0417 0.95237 -0.0027093 0.025768 
1599  0.011002 -1.9537 0.90989 -0.0015336 0.025803 
1600  0.0076015 -2.1158 0.96358 0.0030622 0.025908 
1601  0.0094019 -2.0227 0.94621 -0.0063791 0.025697 
1602  0.0090018 -2.0417 0.95237 -0.00067465 0.025824 
1603  0.0076015 -2.1158 0.96358 -0.0016192 0.025769 
1604  0.0086017 -2.0617 0.95573 5.9574e-05 0.025814 
1605  0.013203 -1.8736 0.80534 -0.0082852 0.025690 
1606  0.0082016 -2.0825 0.95989 -0.0045850 0.025725 
1607  0.0080016 -2.0933 0.96139 -0.0019613 0.025805 
1608  0.0072014 -2.1394 0.96578 -0.0021426 0.025765 
1609  0.0094019 -2.0227 0.94621 -0.0054878 0.025720 
1610  0.0080016 -2.0933 0.96139 -9.2847e-05 0.025823 
1611  0.014403 -1.8353 0.74210 -0.010685 0.025642 
1612  0.0058012 -2.2340 0.96879 -0.00012775 0.025805 
1613  0.011402 -1.9380 0.89499 -0.0050249 0.025734 
1614  0.0090018 -2.0417 0.95237 0.0036231 0.025936 
1615  0.0086017 -2.0617 0.95573 0.0045753 0.025953 
1616  0.0098020 -2.0044 0.93937 -0.0056839 0.025723 
1617  0.0090018 -2.0417 0.95237 0.0049018 0.025987 
1618  0.014403 -1.8353 0.74210 0.010504 0.026292 
1619  0.0082016 -2.0825 0.95989 -0.0054456 0.025719 
1620  0.010602 -1.9700 0.92031 -0.0058683 0.025738 
1621  0.0084017 -2.0720 0.95805 0.0013947 0.025849 
1622  0.0080016 -2.0933 0.96139 -0.0019089 0.025770 
1623  0.0052010 -2.2816 0.96916 -0.0012386 0.025774 
1624  0.012002 -1.9155 0.86891 0.0087213 0.026167 
1625  0.0082016 -2.0825 0.95989 -0.0044682 0.025721 
1626  0.0072014 -2.1394 0.96578 0.0060944 0.026036 
1627  0.010202 -1.9869 0.93087 0.0043964 0.025979 
1628  0.0076015 -2.1158 0.96358 0.0045349 0.025968 
1629  0.0088018 -2.0516 0.95427 0.0043809 0.025960 
1630  0.0088018 -2.0516 0.95427 -0.0034105 0.025772 
1631  0.011802 -1.9229 0.87669 -0.0063836 0.025731 
1632  0.0050010 -2.2988 0.96923 0.0016253 0.025855 
1633  0.0082016 -2.0825 0.95989 -0.0037354 0.025742 
1634  0.0092018 -2.0321 0.94945 -0.0038579 0.025745 
1635  0.011202 -1.9458 0.90281 -0.0070163 0.025679 
1636  0.0092018 -2.0321 0.94945 -0.0021237 0.025782 
1637  0.0090018 -2.0417 0.95237 -0.0066113 0.025686 
1638  0.0092018 -2.0321 0.94945 -0.00024193 0.025827 
1639  0.0082016 -2.0825 0.95989 -0.00034302 0.025815 
1640  0.013803 -1.8540 0.77944 -0.010258 0.025649 
1641  0.012402 -1.9011 0.84626 -0.0082031 0.025682 
1642  0.0092018 -2.0321 0.94945 -0.0062630 0.025700 
1643  0.0070014 -2.1518 0.96653 -0.00025726 0.025827 
1644  0.0076015 -2.1158 0.96358 -0.0019075 0.025772 
1645  0.0068014 -2.1644 0.96728 -0.0044117 0.025716 
1646  0.013003 -1.8803 0.81602 -0.0095526 0.025666 
1647  0.011002 -1.9537 0.90989 -0.0074200 0.025706 
1648  0.0078016 -2.1044 0.96250 -0.0033068 0.025746 
1649  0.0094019 -2.0227 0.94621 -0.00069865 0.025842 
1650  0.0094019 -2.0227 0.94621 -0.0066147 0.025696 
1651  0.014403 -1.8353 0.74210 -0.010898 0.025647 
1652  0.0074015 -2.1275 0.96463 0.00058972 0.025829 
1653  0.011202 -1.9458 0.90281 0.0080869 0.026130 
1654  0.0086017 -2.0617 0.95573 0.00053637 0.025852 
1655  0.0074015 -2.1275 0.96463 -0.0019634 0.025769 
1656  0.0098020 -2.0044 0.93937 -0.0017384 0.025817 
1657  0.011002 -1.9537 0.90989 -0.0064469 0.025715 
1658  0.0074015 -2.1275 0.96463 -0.0034819 0.025746 
1659  0.0054011 -2.2652 0.96906 0.00034871 0.025823 
1660  0.0078016 -2.1044 0.96250 -0.0047357 0.025716 
1661  0.0080016 -2.0933 0.96139 0.00052584 0.025851 
1662  0.0088018 -2.0516 0.95427 0.0029201 0.025885 
1663  0.011402 -1.9380 0.89499 -0.0079792 0.025676 
1664  0.011202 -1.9458 0.90281 -0.0082302 0.025691 
1665  0.0054011 -2.2652 0.96906 -0.00089551 0.025803 
1666  0.0066013 -2.1775 0.96778 0.0017748 0.025856 
1667  0.0090018 -2.0417 0.95237 -0.0043403 0.025728 
1668  0.0086017 -2.0617 0.95573 -0.0044629 0.025759 
1669  0.0078016 -2.1044 0.96250 -0.0038038 0.025742 
1670  0.0066013 -2.1775 0.96778 0.0012648 0.025845 
1671  0.0094019 -2.0227 0.94621 -0.0086742 0.025667 
1672  0.0082016 -2.0825 0.95989 -0.0013611 0.025802 
1673  0.0074015 -2.1275 0.96463 0.00032354 0.025835 
1674  0.014003 -1.8477 0.76714 -0.0098471 0.025670 
1675  0.0080016 -2.0933 0.96139 -0.00027080 0.025820 
1676  0.0082016 -2.0825 0.95989 0.0035999 0.025982 
1677  0.013003 -1.8803 0.81602 -0.010586 0.025633 
1678  0.012002 -1.9155 0.86891 -0.010448 0.025639 
1679  0.0082016 -2.0825 0.95989 0.00029302 0.025835 
1680  0.0096019 -2.0135 0.94308 -0.0046788 0.025741 
1681  0.010802 -1.9618 0.91553 0.0043477 0.026003 
1682  0.010402 -1.9783 0.92503 -0.0038498 0.025759 
1683  0.0084017 -2.0720 0.95805 -0.0019280 0.025787 
1684  0.0094019 -2.0227 0.94621 -0.0039329 0.025751 
1685  0.010402 -1.9783 0.92503 -0.0077912 0.025674 
1686  0.010202 -1.9869 0.93087 -0.0043501 0.025747 
1687  0.0084017 -2.0720 0.95805 -0.0058388 0.025704 
1688  0.0080016 -2.0933 0.96139 -0.0036600 0.025743 
1689  0.012803 -1.8871 0.82868 0.011763 0.026271 
1690  0.010602 -1.9700 0.92031 -0.0052363 0.025730 
1691  0.0078016 -2.1044 0.96250 -0.0044892 0.025727 
1692  0.0074015 -2.1275 0.96463 0.00088292 0.025839 
1693  0.011002 -1.9537 0.90989 -0.0063313 0.025738 
1694  0.0094019 -2.0227 0.94621 -0.0050471 0.025707 
1695  0.012202 -1.9082 0.85627 -0.011430 0.025629 
1696  0.0096019 -2.0135 0.94308 -3.4183e-05 0.025881 
1697  0.011002 -1.9537 0.90989 -0.0027393 0.025788 
1698  0.011402 -1.9380 0.89499 -0.0043727 0.025761 
1699  0.011402 -1.9380 0.89499 -0.0089292 0.025662 
1700  0.010602 -1.9700 0.92031 0.0056915 0.026014 
1701  0.0098020 -2.0044 0.93937 -0.0031649 0.025749 
1702  0.0080016 -2.0933 0.96139 -0.0037815 0.025728 
1703  0.015603 -1.8000 0.67237 0.0092376 0.026235 
1704  0.0086017 -2.0617 0.95573 -0.00068526 0.025803 
1705  0.012603 -1.8940 0.83798 -0.0076952 0.025685 
1706  0.0074015 -2.1275 0.96463 0.0039533 0.025982 
1707  0.0088018 -2.0516 0.95427 -0.0040458 0.025763 
1708  0.0094019 -2.0227 0.94621 0.0011323 0.025878 
1709  0.0068014 -2.1644 0.96728 -0.00058645 0.025806 
1710  0.14143 -0.78324 0.14255 0.18654 0.034662 
1711  0.010202 -1.9869 0.93087 -0.0023434 0.025789 
1712  0.0090018 -2.0417 0.95237 0.0021540 0.025900 
1713  0.010602 -1.9700 0.92031 -0.0085935 0.025662 
1714  0.0094019 -2.0227 0.94621 -0.0065806 0.025702 
1715  0.0078016 -2.1044 0.96250 0.00078377 0.025847 
1716  0.0084017 -2.0720 0.95805 -0.0046902 0.025746 
1717  0.012202 -1.9082 0.85627 -0.0074416 0.025692 
1718  0.0078016 -2.1044 0.96250 -0.0046335 0.025740 
1719  0.0068014 -2.1644 0.96728 -0.00065881 0.025805 
1720  0.010002 -1.9955 0.93541 0.0070630 0.026121 
1721  0.026205 -1.5701 0.50119 0.025828 0.027071 
1722  0.013003 -1.8803 0.81602 0.0084284 0.026147 
1723  0.095019 -0.97883 0.22813 0.12520 0.031783 
1724  0.0076015 -2.1158 0.96358 -0.0012347 0.025783 
1725  0.011602 -1.9304 0.88485 0.0074824 0.026088 
1726  0.0080016 -2.0933 0.96139 0.0035726 0.025949 
1727  0.0080016 -2.0933 0.96139 -0.00068904 0.025791 
1728  0.0090018 -2.0417 0.95237 -0.0025014 0.025795 
1729  0.0082016 -2.0825 0.95989 0.0021306 0.025915 
1730  0.0098020 -2.0044 0.93937 -0.0075104 0.025692 
1731  0.010402 -1.9783 0.92503 -0.0013323 0.025825 
1732  0.010002 -1.9955 0.93541 0.0048670 0.025971 
1733  0.0094019 -2.0227 0.94621 -0.0027425 0.025760 
1734  0.0090018 -2.0417 0.95237 -0.0046179 0.025723 
1735  0.010002 -1.9955 0.93541 0.0018195 0.025908 
1736  0.0074015 -2.1275 0.96463 0.00093067 0.025852 
1737  0.010002 -1.9955 0.93541 -0.0058491 0.025704 
1738  0.0070014 -2.1518 0.96653 -0.0014113 0.025775 
1739  0.010002 -1.9955 0.93541 0.0015984 0.025903 
1740  0.012603 -1.8940 0.83798 0.0095360 0.026223 
1741  0.010202 -1.9869 0.93087 -0.0048699 0.025745 
1742  0.015003 -1.8173 0.69691 -0.013981 0.025606 
1743  0.010202 -1.9869 0.93087 0.0032320 0.025963 
1744  0.012202 -1.9082 0.85627 -0.011248 0.025659 
1745  0.010002 -1.9955 0.93541 -0.0022121 0.025791 
1746  0.010602 -1.9700 0.92031 -0.0045478 0.025737 
1747  0.0088018 -2.0516 0.95427 6.6188e-05 0.025842 
1748  0.0090018 -2.0417 0.95237 -0.0044019 0.025720 
1749  0.0090018 -2.0417 0.95237 -0.0023886 0.025789 
1750  0.0074015 -2.1275 0.96463 -2.3323e-05 0.025831 
1751  0.0084017 -2.0720 0.95805 -0.00042765 0.025810 
1752  0.011602 -1.9304 0.88485 -0.0075508 0.025701 
1753  0.012202 -1.9082 0.85627 -0.0097738 0.025659 
1754  0.19524 -0.61510 0.12663 0.26118 0.038335 
1755  0.0084017 -2.0720 0.95805 -0.0044747 0.025735 
1756  0.0096019 -2.0135 0.94308 -0.0066761 0.025695 
1757  0.0082016 -2.0825 0.95989 -0.00029203 0.025845 
1758  0.020604 -1.6770 0.56133 0.017227 0.026520 
1759  0.012002 -1.9155 0.86891 -0.010385 0.025635 
1760  0.0068014 -2.1644 0.96728 0.0020273 0.025863 
1761  0.0098020 -2.0044 0.93937 -0.0092593 0.025650 
1762  0.0056011 -2.2493 0.96893 -0.0010145 0.025791 
1763  0.0084017 -2.0720 0.95805 -0.0026102 0.025783 
1764  0.0086017 -2.0617 0.95573 -0.0062585 0.025699 
1765  0.0098020 -2.0044 0.93937 -0.0038550 0.025757 
1766  0.0056011 -2.2493 0.96893 0.00083016 0.025838 
1767  0.013003 -1.8803 0.81602 -0.011517 0.025635 
1768  0.010402 -1.9783 0.92503 -0.0059107 0.025700 
1769  0.012402 -1.9011 0.84626 -0.0060109 0.025724 
1770  0.0094019 -2.0227 0.94621 -0.0053564 0.025710 
1771  0.010402 -1.9783 0.92503 -0.0070786 0.025702 
1772  0.0082016 -2.0825 0.95989 -0.0017760 0.025770 
1773  0.0086017 -2.0617 0.95573 -0.0025393 0.025757 
1774  0.0088018 -2.0516 0.95427 -0.0037773 0.025757 
1775  0.011402 -1.9380 0.89499 -0.0023206 0.025806 
1776  0.0086017 -2.0617 0.95573 -0.0015169 0.025809 
1777  0.0056011 -2.2493 0.96893 -0.0012307 0.025797 
1778  0.021804 -1.6519 0.54771 0.022041 0.026889 
1779  1.0000 1000.0 0.0000 1.6959 0.11862 
1780  0.010002 -1.9955 0.93541 -0.0070388 0.025689 
1781  0.011002 -1.9537 0.90989 -0.0051590 0.025728 
1782  0.0082016 -2.0825 0.95989 -0.0039787 0.025734 
1783  0.017203 -1.7568 0.62186 0.016058 0.026489 
1784  0.0088018 -2.0516 0.95427 -0.0054374 0.025696 
1785  0.011402 -1.9380 0.89499 0.0041443 0.026038 
1786  0.0076015 -2.1158 0.96358 -0.0033176 0.025741 
1787  0.0070014 -2.1518 0.96653 8.4807e-05 0.025825 
1788  0.40768 -0.16223 0.082250 0.56384 0.053548 
1789  0.0064013 -2.1909 0.96808 0.0019795 0.025881 
1790  0.99940 3.2215 9.4756e-05 1.6540 0.11654 
1791  0.0052010 -2.2816 0.96916 0.00093179 0.025838 
1792  0.0066013 -2.1775 0.96778 0.0017124 0.025864 
1793  0.0086017 -2.0617 0.95573 -0.0013801 0.025837 
1794  0.0096019 -2.0135 0.94308 0.0049977 0.025996 
1795  0.11242 -0.89735 0.20116 0.14792 0.032968 
1796  1.0000 1000.0 0.0000 2.0957 0.15872 
1797  1.0000 1000.0 0.0000 2.1995 0.16914 
1798  0.99940 3.2215 9.4756e-05 1.8209 0.13105 
1799  0.0090018 -2.0417 0.95237 0.00019050 0.025815 
1800  0.0094019 -2.0227 0.94621 -0.00065308 0.025826 
1801  0.0068014 -2.1644 0.96728 -0.00071851 0.025786 
1802  0.011402 -1.9380 0.89499 0.0098179 0.026196 
1803  0.0072014 -2.1394 0.96578 0.0016664 0.025871 
1804  0.010202 -1.9869 0.93087 0.0064446 0.026074 
1805  0.0072014 -2.1394 0.96578 0.0019237 0.025871 
1806  0.0086017 -2.0617 0.95573 -0.0020959 0.025780 
1807  0.016803 -1.7672 0.64038 0.014800 0.026469 
1808  1.0000 1000.0 0.0000 2.5570 0.21080 
1809  0.0052010 -2.2816 0.96916 -0.0016748 0.025793 
1810  0.76535 0.51345 0.026827 1.0818 0.079545 
1811  0.0076015 -2.1158 0.96358 0.0030951 0.025923 
1812  0.036807 -1.4178 0.38045 0.038371 0.027518 
1813  0.0090018 -2.0417 0.95237 -0.0051316 0.025739 
1814  0.0066013 -2.1775 0.96778 -0.0014882 0.025778 
1815  0.0084017 -2.0720 0.95805 -0.0044635 0.025731 
1816  0.0088018 -2.0516 0.95427 -0.0019335 0.025780 
1817  0.013803 -1.8540 0.77944 0.0089845 0.026204 
1818  0.25085 -0.47515 0.11122 0.36672 0.044132 
1819  0.013203 -1.8736 0.80534 0.0074074 0.026080 
1820  0.011602 -1.9304 0.88485 -0.0078126 0.025682 
1821  0.0092018 -2.0321 0.94945 0.0051075 0.025997 
1822  0.014603 -1.8292 0.72313 0.012458 0.026340 
1823  0.056811 -1.2202 0.28954 0.077046 0.029673 
1824  0.0082016 -2.0825 0.95989 -0.0010056 0.025797 
1825  0.99740 2.5838 0.00062870 1.7582 0.12577 
1826  0.036607 -1.4202 0.38915 0.041775 0.027695 
1827  0.054011 -1.2434 0.30086 0.067969 0.029081 
1828  0.81756 0.65141 0.021054 1.0932 0.077988 
1829  0.037407 -1.4105 0.37148 0.045794 0.028002 
1830  0.0080016 -2.0933 0.96139 0.00059533 0.025853 
1831  0.99780 2.6565 0.00047702 1.5172 0.10401 
1832  1.0000 1000.0 0.0000 1.8263 0.13043 
1833  0.014203 -1.8414 0.75196 0.010731 0.026224 
1834  0.010002 -1.9955 0.93541 -0.0056172 0.025704 
1835  0.0080016 -2.0933 0.96139 0.0045239 0.025965 
1836  0.0074015 -2.1275 0.96463 -0.0031331 0.025752 
1837  0.0088018 -2.0516 0.95427 -0.0068207 0.025697 
1838  0.0096019 -2.0135 0.94308 0.00039706 0.025870 
1839  0.012803 -1.8871 0.82868 -0.0091661 0.025663 
1840  0.0068014 -2.1644 0.96728 -0.0040409 0.025736 
1841  0.010802 -1.9618 0.91553 -0.0096425 0.025646 
1842  0.0076015 -2.1158 0.96358 -0.0048350 0.025714 
1843  0.0078016 -2.1044 0.96250 0.00090211 0.025857 
1844  0.0070014 -2.1518 0.96653 7.6355e-05 0.025842 
1845  0.010602 -1.9700 0.92031 -0.0065137 0.025700 
1846  0.0090018 -2.0417 0.95237 -0.0035978 0.025755 
1847  0.011602 -1.9304 0.88485 -0.0092447 0.025675 
1848  0.0088018 -2.0516 0.95427 -0.0034447 0.025760 
1849  0.0092018 -2.0321 0.94945 -0.0045692 0.025728 
1850  0.014203 -1.8414 0.75196 -0.011496 0.025628 
1851  0.010602 -1.9700 0.92031 -0.0042292 0.025747 
1852  0.0096019 -2.0135 0.94308 0.0019814 0.025883 
1853  0.039008 -1.3916 0.36224 0.045797 0.027991 
1854  0.010202 -1.9869 0.93087 -0.0059864 0.025722 
1855  0.086617 -1.0230 0.25341 0.11826 0.031602 
1856  0.0086017 -2.0617 0.95573 -0.0012940 0.025817 
1857  0.0072014 -2.1394 0.96578 0.0014604 0.025884 
1858  0.0074015 -2.1275 0.96463 0.0025561 0.025877 
1859  0.010402 -1.9783 0.92503 -0.0048630 0.025742 
1860  0.010002 -1.9955 0.93541 -0.0067342 0.025707 
1861  0.0078016 -2.1044 0.96250 -0.0053986 0.025712 
1862  0.018404 -1.7270 0.60837 0.018514 0.026640 
1863  0.0086017 -2.0617 0.95573 -0.0052456 0.025735 
1864  0.0072014 -2.1394 0.96578 -0.00092978 0.025819 
1865  0.0070014 -2.1518 0.96653 -0.0013571 0.025795 
1866  0.0090018 -2.0417 0.95237 -0.0020191 0.025766 
1867  0.0084017 -2.0720 0.95805 -0.0026350 0.025764 
1868  0.0096019 -2.0135 0.94308 0.0029927 0.025965 
1869  0.0076015 -2.1158 0.96358 0.00044962 0.025808 
1870  0.010602 -1.9700 0.92031 -0.00038169 0.025836 
1871  0.010402 -1.9783 0.92503 0.0058501 0.026070 
1872  0.0092018 -2.0321 0.94945 -0.0045952 0.025718 
1873  0.011402 -1.9380 0.89499 -0.0086776 0.025671 
1874  0.010402 -1.9783 0.92503 -0.0058285 0.025713 
1875  0.0066013 -2.1775 0.96778 -0.00039954 0.025801 
1876  0.011402 -1.9380 0.89499 -0.0051979 0.025737 
1877  0.011202 -1.9458 0.90281 -0.0064744 0.025702 
1878  0.0088018 -2.0516 0.95427 -0.0038985 0.025761 
1879  0.0062012 -2.2048 0.96838 0.00036342 0.025856 
1880  0.0074015 -2.1275 0.96463 -0.0024498 0.025757 
1881  0.0078016 -2.1044 0.96250 -0.0030051 0.025766 
1882  0.010802 -1.9618 0.91553 -0.0037448 0.025758 
1883  0.0090018 -2.0417 0.95237 -0.0044810 0.025744 
1884  0.0094019 -2.0227 0.94621 -0.0021395 0.025777 
1885  0.0068014 -2.1644 0.96728 0.0021552 0.025879 
1886  0.010002 -1.9955 0.93541 0.0058637 0.026053 
1887  0.0090018 -2.0417 0.95237 -0.0039750 0.025736 
1888  0.010202 -1.9869 0.93087 -0.0083094 0.025664 
1889  0.0098020 -2.0044 0.93937 0.0057472 0.026042 
1890  0.0068014 -2.1644 0.96728 -0.00068400 0.025790 
1891  0.0074015 -2.1275 0.96463 0.0024940 0.025880 
1892  0.013803 -1.8540 0.77944 0.010155 0.026205 
1893  0.011202 -1.9458 0.90281 0.0081273 0.026099 
1894  0.0084017 -2.0720 0.95805 0.0035269 0.025927 
1895  0.011202 -1.9458 0.90281 0.0080689 0.026100 
1896  0.0076015 -2.1158 0.96358 0.0032028 0.025924 
1897  0.0084017 -2.0720 0.95805 -0.00085736 0.025820 
1898  0.011602 -1.9304 0.88485 -0.0077814 0.025667 
1899  0.0078016 -2.1044 0.96250 0.00077343 0.025867 
1900  0.0084017 -2.0720 0.95805 -0.0030849 0.025769 
1901  0.0096019 -2.0135 0.94308 -0.0059701 0.025724 
1902  0.0090018 -2.0417 0.95237 -0.0027758 0.025764 
1903  0.0076015 -2.1158 0.96358 -0.00057981 0.025833 
1904  0.0056011 -2.2493 0.96893 -0.00055654 0.025796 
1905  0.0080016 -2.0933 0.96139 0.0020593 0.025870 
1906  0.011802 -1.9229 0.87669 0.0056737 0.026153 
1907  0.0084017 -2.0720 0.95805 -0.0011905 0.025818 
1908  0.010802 -1.9618 0.91553 -3.8588e-05 0.025876 
1909  0.0092018 -2.0321 0.94945 -0.00052826 0.025830 
1910  0.0090018 -2.0417 0.95237 -0.0050466 0.025729 
1911  0.013603 -1.8604 0.78657 -0.010954 0.025636 
1912  0.011202 -1.9458 0.90281 -0.011597 0.025632 
1913  0.0098020 -2.0044 0.93937 0.0075808 0.026137 
1914  0.0076015 -2.1158 0.96358 0.0014608 0.025864 
1915  0.013203 -1.8736 0.80534 -0.014030 0.025595 
1916  0.011402 -1.9380 0.89499 -0.010935 0.025640 
1917  0.0094019 -2.0227 0.94621 0.0012962 0.025940 
1918  0.0086017 -2.0617 0.95573 -0.0013099 0.025798 
1919  0.0092018 -2.0321 0.94945 0.0019402 0.025900 
1920  0.011202 -1.9458 0.90281 -0.0077810 0.025664 
